
Bout x Bmid = 2040 x 2040 time =6.978118
4        32.636921
6        22.884454
8        11.634260
10       12.146305
12       11.941998
14       12.254561
16       6.533112
18       7.665936
20       8.072601
22       8.580257
24       5.013126
26       5.948795
28       6.293815
30       6.903644
32       4.379127
34       5.078136
36       5.455133
38       6.287725
40       4.016871
42       5.219609
44       5.555743
46       6.033201
48       4.529355
50       5.050495
52       5.426143
54       5.719979
56       4.323562
58       4.834537
60       5.099723
62       5.377680
64       4.165501
66       4.600580
68       4.811139
70       5.155268
72       4.083096
74       4.450782
76       4.616262
78       4.962469
80       3.981287
82       4.296054
84       4.503621
86       4.760137
88       3.912494
90       4.229142
92       4.395891
94       4.609739
96       3.844424
98       4.109734
100      4.262565
102        4.514396
104        3.780729
106        4.069447
108        4.174582
110        4.424209
112        3.742554
114        3.981916
116        4.116928
118        4.299384
120        3.707046
122        3.926776
124        4.076869
126        4.247838
128        3.671413
130        3.887828
132        4.030636
134        4.223796
136        3.643826
138        3.855172
140        3.960726
142        4.153191
144        3.633856
146        3.806623
148        3.909336
150        4.062310
152        3.622078
154        3.820357
156        3.917948
158        3.985945
160        3.598975
162        3.736318
164        3.844738
166        4.059887
168        3.607877
170        3.783195
172        3.903111
174        3.970952
176        3.557392
178        3.704139
180        3.818080
182        3.957839
184        3.576214
186        3.697919
188        3.737759
190        3.887374
192        3.527828
194        3.659123
196        3.736226
198        3.882351
200        3.522393
202        3.657787
204        3.715256
206        3.809174
208        3.498466
210        3.633518
212        3.699298
214        3.792842
216        3.486514
218        3.638384
220        3.717036
222        3.825263
224        3.521591
226        3.611033
228        3.634586
230        3.723387
232        3.471700
234        3.570415
236        3.638964
238        3.741810
240        3.485979
242        3.571264
244        3.653956
246        3.740419
248        3.497588
250        3.592997
252        3.747252
254        3.751599
256        3.471206
258        3.545780
260        3.625699
262        3.712743
264        3.466248
266        3.541041
268        3.627999
270        3.731292
272        3.465412
274        3.539728
276        3.627385
278        3.710925
280        3.463681
282        3.537930
284        3.633798
286        3.738494
288        3.486831
290        3.533094
292        3.536707
294        3.624566
296        3.419954
298        3.491313
300        3.539774
302        3.635460
304        3.423003
306        3.485659
308        3.536733
310        3.636366
312        3.421419
314        3.482022
316        3.523728
318        3.630375
320        3.417725
322        3.480156
324        3.524455
326        3.614509
328        3.407631
330        3.481861
332        3.522628
334        3.624022
336        3.416358
338        3.491109
340        3.479214
342        3.641029
344        3.406967
346        3.439161
348        3.478370
350        3.527945
352        3.372132
354        3.434330
356        3.473289
358        3.521687
360        3.370894
362        3.447629
364        3.473029
366        3.520095
368        3.383587
370        3.447721
372        3.473076
374        3.517651
376        3.360586
378        3.441441
380        3.481215
382        3.521670
384        3.360128
386        3.437425
388        3.479209
390        3.520736
392        3.397366
394        3.472583
396        3.500417
398        3.548713
400        3.375652
402        3.459961
404        3.505627
406        3.513019
408        3.307082
410        3.335204
412        3.379233
414        3.431610
416        3.318753
418        3.368262
420        3.385227
422        3.432252
424        3.307020
426        3.336168
428        3.400126
430        3.437344
432        3.318256
434        3.336899
436        3.373774
438        3.430459
440        3.311162
442        3.330073
444        3.414917
446        3.464912
448        3.309758
450        3.331005
452        3.369362
454        3.412773
456        3.303723
458        3.327747
460        3.368070
462        3.408621
464        3.303802
466        3.325651
468        3.366288
470        3.408164
472        3.301696
474        3.324669
476        3.366999
478        3.410030
480        3.303444
482        3.324707
484        3.365076
486        3.421986
488        3.307972
490        3.340842
492        3.376555
494        3.444135
496        3.308238
498        3.327735
500        3.367219
502        3.408070
504        3.302478
506        3.323477
508        3.358795
510        3.358851
512        3.255338
514        3.274408
516        3.314413
518        3.356222
520        3.372268
522        3.378905
524        3.466174
526        3.485106
528        3.378760
530        3.384944
532        3.433596
534        3.468948
536        3.437603
538        3.484910
540        3.486687
542        3.538104
544        3.376965
546        3.382977
548        3.449916
550        3.500323
552        3.443192
554        3.379735
556        3.430662
558        3.481877
560        3.380719
562        3.380590
564        3.446199
566        3.480200
568        3.389628
570        3.377977
572        3.433927
574        3.508865
576        3.385439
578        3.398918
580        3.439450
582        3.474722
584        3.384189
586        3.386064
588        3.436495
590        3.476670
592        3.380091
594        3.383516
596        3.487024
598        3.569706
600        3.666396
602        3.390016
604        3.432928
606        3.476858
608        3.372195
610        3.373154
612        3.432956
614        3.472519
616        3.374021
618        3.433246
620        3.475076
622        3.524555
624        3.406329
626        3.390013
628        3.445483
630        3.495405
632        3.435909
634        3.406606
636        3.464997
638        3.494906
640        3.383523
642        3.400698
644        3.491799
646        3.507321
648        3.382103
650        3.380388
652        3.442296
654        3.481679
656        3.400508
658        3.374174
660        3.446076
662        3.488592
664        3.379656
666        3.377223
668        3.437844
670        3.482305
672        3.372090
674        3.373542
676        3.436710
678        3.462291
680        3.335040
682        3.320374
684        3.345666
686        3.384316
688        3.353063
690        3.347206
692        3.392893
694        3.392960
696        3.330403
698        3.322411
700        3.343051
702        3.385540
704        3.324754
706        3.321365
708        3.341620
710        3.385776
712        3.344885
714        3.366211
716        3.357333
718        3.384693
720        3.329570
722        3.324723
724        3.342774
726        3.412844
728        3.323995
730        3.326089
732        3.346290
734        3.386873
736        3.324358
738        3.323511
740        3.362562
742        3.415086
744        3.337250
746        3.337228
748        3.365352
750        3.404565
752        3.346276
754        3.328488
756        3.347813
758        3.431172
760        3.379280
762        3.286808
764        3.303383
766        3.352400
768        3.287997
770        3.285812
772        3.303173
774        3.351314
776        3.287185
778        3.286347
780        3.305141
782        3.416990
784        3.357361
786        3.307023
788        3.303673
790        3.355863
792        3.297625
794        3.292783
796        3.310876
798        3.364436
800        3.297168
802        3.294609
804        3.310723
806        3.371913
808        3.304135
810        3.288374
812        3.304486
814        3.408750
816        3.341686
818        3.325888
820        3.321098
822        3.367346
824        3.299521
826        3.307737
828        3.312621
830        3.380864
832        3.297656
834        3.292728
836        3.331035
838        3.370969
840        3.321661
842        3.328034
844        3.311911
846        3.377779
848        3.304487
850        3.312538
852        3.330908
854        3.370445
856        3.300292
858        3.326888
860        3.423841
862        3.417275
864        3.443972
866        3.299477
868        3.308838
870        3.493365
872        3.342710
874        3.479670
876        3.341988
878        3.372237
880        3.301020
882        3.489008
884        3.390876
886        3.575707
888        3.352426
890        3.378554
892        3.369769
894        3.909273
896        3.981031
898        3.414027
900        3.365606
902        3.402248
904        3.322110
906        3.334508
908        3.338459
910        3.399213
912        3.323626
914        3.315660
916        3.339785
918        3.389110
920        3.327407
922        3.318137
924        3.329504
926        3.410488
928        3.371854
930        3.354873
932        3.397504
934        3.433261
936        3.338655
938        3.341531
940        3.366593
942        3.413156
944        3.404707
946        3.376992
948        3.415020
950        3.471829
952        3.562766
954        3.401068
956        3.469019
958        3.457396
960        3.386014
962        3.399618
964        3.405284
966        3.486844
968        3.396642
970        3.419182
972        3.478692
974        3.487181
976        3.416036
978        3.520633
980        3.729144
982        3.645787
984        3.463704
986        3.540849
988        3.570549
990        3.561275
992        3.476765
994        3.484826
996        3.463647
998        3.551738
1000        3.444214
1002        3.489377
1004        3.511598
1006        3.636657
1008        3.574188
1010        3.924889
1012        3.496629
1014        3.602591
1016        3.517490
1018        3.612797
1020        3.505178
1022        3.616724
1024        3.454166
1026        3.465111
1028        3.467340
1030        3.562547
1032        3.550929
1034        3.524603
1036        3.582452
1038        3.643909
1040        3.641302
1042        3.633599
1044        3.593217
1046        3.629689
1048        3.559534
1050        3.662400
1052        3.693809
1054        3.636954
1056        3.620590
1058        3.655969
1060        3.668421
1062        3.724055
1064        3.654267
1066        3.696514
1068        3.670557
1070        3.752106
1072        3.698926
1074        3.779186
1076        3.743844
1078        3.930180
1080        4.169348
1082        4.279761
1084        4.143963
1086        5.282034
1088        4.040553
1090        3.655417
1092        4.175622
1094        5.003191
1096        4.252207
1098        3.785416
1100        3.684436
1102        3.714312
1104        3.699618
1106        3.727809
1108        3.722849
1110        3.791041
1112        3.745653
1114        3.722341
1116        3.743455
1118        3.776809
1120        3.964692
1122        3.749456
1124        3.763095
1126        3.801691
1128        3.811212
1130        3.861649
1132        3.875630
1134        3.946937
1136        3.851136
1138        3.849782
1140        3.901978
1142        3.910995
1144        3.869052
1146        3.925488
1148        3.893812
1150        3.920171
1152        3.909613
1154        3.974633
1156        3.942054
1158        3.988087
1160        3.987287
1162        3.966727
1164        4.076050
1166        4.052076
1168        4.050352
1170        4.044604
1172        4.233087
1174        5.375397
1176        4.402149
1178        4.230011
1180        4.279207
1182        4.724821
1184        4.227448
1186        4.143482
1188        4.170990
1190        4.212783
1192        4.177012
1194        4.200699
1196        4.181339
1198        4.202185
1200        4.254449
1202        4.298472
1204        4.277672
1206        4.305469
1208        4.325854
1210        4.440919
1212        4.443548
1214        4.527701
1216        4.465342
1218        4.463815
1220        4.433770
1222        4.521643
1224        4.486725
1226        4.469348
1228        4.520976
1230        4.530555
1232        4.482746
1234        4.544573
1236        4.618891
1238        4.618866
1240        4.536346
1242        4.621063
1244        4.588327
1246        4.588504
1248        4.571359
1250        4.596991
1252        4.607338
1254        4.721505
1256        4.663159
1258        4.664956
1260        4.666538
1262        4.819712
1264        4.701376
1266        4.744495
1268        4.741690
1270        4.825157
1272        4.817985
1274        4.808193
1276        4.835314
1278        4.886920
1280        4.844387
1282        4.822020
1284        4.841965
1286        4.914564
1288        4.936767
1290        4.932379
1292        4.920282
1294        4.932608
1296        4.940755
1298        4.951985
1300        4.944217
1302        5.033713
1304        4.952698
1306        5.099116
1308        5.086916
1310        5.020818
1312        5.023391
1314        5.137320
1316        5.537215
1318        5.599450
1320        5.092157
1322        5.156011
1324        5.096821
1326        5.130259
1328        5.108781
1330        5.124158
1332        5.122414
1334        5.137871
1336        5.132982
1338        5.148397
1340        5.299037
1342        5.294658
1344        5.193072
1346        5.210099
1348        5.200076
1350        5.229239
1352        5.254980
1354        5.359345
1356        5.315564
1358        5.238747
1360        5.249140
1362        5.270409
1364        5.349974
1366        5.355018
1368        5.371099
1370        5.311568
1372        5.333426
1374        5.372924
1376        5.342558
1378        5.360564
1380        5.694973
1382        5.444811
1384        5.389623
1386        5.365963
1388        5.354237
1390        5.377736
1392        5.381233
1394        5.378865
1396        5.390203
1398        5.398921
1400        5.368545
1402        5.401934
1404        5.421074
1406        5.547303
1408        5.465266
1410        5.500028
1412        5.491308
1414        5.628310
1416        5.721641
1418        6.007486
1420        6.008744
1422        5.766825
1424        5.630568
1426        5.868626
1428        5.539531
1430        5.593528
1432        5.579758
1434        5.597577
1436        5.544456
1438        5.572606
1440        5.592529
1442        5.596810
1444        5.834026
1446        5.645636
1448        5.617626
1450        5.621411
1452        5.635746
1454        5.638222
1456        5.679873
1458        5.877126
1460        5.753903
1462        5.674685
1464        5.821720
1466        5.819416
1468        5.766956
1470        5.698397
1472        5.712520
1474        5.730391
1476        5.756662
1478        5.714107
1480        5.698028
1482        5.802452
1484        5.780176
1486        5.837319
1488        5.796315
1490        5.728118
1492        5.766976
1494        5.781901
1496        5.752693
1498        5.824464
1500        5.800564
1502        5.817856
1504        5.756580
1506        5.811067
1508        5.838017
1510        5.841570
1512        5.787396
1514        5.834461
1516        5.831020
1518        5.851813
1520        5.832460
1522        5.789959
1524        5.796909
1526        5.916451
1528        5.806270
1530        5.802609
1532        5.807904
1534        5.903131
1536        5.896465
1538        5.886749
1540        5.867511
1542        5.995275
1544        5.860783
1546        5.913193
1548        5.980189
1550        5.916725
1552        5.878791
1554        5.963324
1556        5.993837
1558        5.994546
1560        5.975306
1562        6.088316
1564        5.983991
1566        6.014209
1568        5.965911
1570        5.989513
1572        5.938054
1574        5.965777
1576        5.953531
1578        5.989027
1580        5.988223
1582        5.992297
1584        6.027213
1586        6.119879
1588        6.137999
1590        6.081183
1592        6.065270
1594        6.141760
1596        6.169557
1598        6.385267
1600        6.348021
1602        6.089570
1604        6.335256
1606        6.523233
1608        6.598971
1610        6.106141
1612        6.123838
1614        6.157714
1616        6.464838
1618        6.343402
1620        6.373550
1622        6.441596
1624        6.304261
1626        6.325075
1628        6.142991
1630        6.213057
1632        6.118217
1634        6.182051
1636        6.175919
1638        6.175737
1640        6.136488
1642        6.194388
1644        6.204653
1646        6.205148
1648        6.185890
1650        6.225722
1652        6.249847
1654        6.337825
1656        7.036155
1658        6.293323
1660        6.234100
1662        6.304358
1664        6.247933
1666        6.267968
1668        6.283368
1670        6.271949
1672        6.272007
1674        6.325145
1676        6.276739
1678        6.364005
1680        6.275165
1682        6.322448
1684        6.309093
1686        6.329052
1688        6.320068
1690        6.348746
1692        6.349779
1694        6.431908
1696        6.631357
1698        6.431211
1700        6.371726
1702        6.403326
1704        6.393695
1706        6.467263
1708        6.454336
1710        6.529313
1712        6.489770
1714        6.468477
1716        6.441064
1718        6.527713
1720        6.476898
1722        6.511802
1724        6.520116
1726        6.618301
1728        6.487458
1730        6.625749
1732        6.576349
1734        6.718439
1736        6.879721
1738        6.678208
1740        6.624906
1742        6.710148
1744        6.796544
1746        6.844005
1748        6.859904
1750        6.807745
1752        6.618247
1754        6.679342
1756        6.607785
1758        6.938465
1760        6.810025
1762        7.131674
1764        7.387654
1766        8.765397
1768        6.949624
1770        6.978843
1772        7.161281
1774        7.020827
1776        6.835710
1778        6.759794
1780        6.676617
1782        6.751916
1784        8.358337
1786        7.274623
1788        6.833150
1790        6.973598
1792        7.129205
1794        6.770900
1796        6.787693
1798        6.838211
1800        6.997893
1802        7.305690
1804        7.093498
1806        7.124768
1808        7.267856
1810        6.868831
1812        6.975756
1814        7.300492
1816        6.826365
1818        6.907578
1820        7.285203
1822        7.090985
1824        7.028640
1826        6.944883
1828        6.892137
1830        6.915629
1832        7.007950
1834        6.936702
1836        6.923506
1838        6.947867
1840        7.025972
1842        7.075306
1844        7.095044
1846        7.074026
1848        6.953305
1850        7.119210
1852        6.996874
1854        6.997995
1856        7.056618
1858        7.292927
1860        7.492416
1862        7.287911
1864        7.347743
1866        7.071876
1868        7.296044
1870        7.498761
1872        7.528393
1874        7.542254
1876        7.319409
1878        7.427978
1880        7.307340
1882        7.482481
1884        7.429494
1886        7.219446
1888        7.311691
1890        7.286025
1892        7.098954
1894        7.135568
1896        7.121228
1898        7.076933
1900        7.118831
1902        7.133855
1904        7.082255
1906        7.173225
1908        7.103006
1910        7.145201
1912        7.252047
1914        7.402194
1916        7.286661
1918        7.291329
1920        7.268799
1922        7.129442
1924        7.089390
1926        7.169339
1928        7.269391
1930        7.333491
1932        7.299239
1934        7.263912
1936        7.303299
1938        7.215850
1940        7.149159
1942        7.227770
1944        7.106071
1946        7.247379
1948        7.171720
1950        7.220858
1952        7.177355
1954        7.189154
1956        7.186251
1958        7.174719
1960        7.265519
1962        7.474710
1964        7.295900
1966        7.403865
1968        7.253854
1970        7.795997
1972        7.272464
1974        7.378241
1976        7.384032
1978        7.267987
1980        7.181732
1982        7.220966
1984        7.120572
1986        7.242948
1988        7.615886
1990        7.312154
1992        7.369226
1994        7.370210
1996        7.326139
1998        7.252250
2000        7.031289
2002        7.061870
2004        7.025005
2006        7.038884
2008        6.975402
2010        7.035131
2012        7.057796
2014        7.037890
2016        6.993673
2018        7.047754
2020        7.069288
2022        7.052298
2024        7.114235
2026        7.117414
2028        7.136452
2030        7.158416
2032        7.088833
2034        7.131610
2036        7.178027
2038        7.232997
2040        7.038417
