16 1.113689e+04
32 1.434549e+04
64 1.578947e+04
128 1.145038e+04
256 1.022582e+04
512 1.162791e+04
1024 1.226680e+04
2048 1.293801e+04
4096 1.231717e+04
8192 1.310044e+04
16384 1.341157e+04
32768 1.330008e+04
65536 1.292755e+04
131072 1.181975e+04
262144 1.202706e+04
524288 1.259182e+04
1048576 1.229193e+04
2097152 9.191881e+03
4194304 6.324944e+03
8388608 5.621267e+03
16777216 4.222379e+03
33554432 3.585434e+03
67108864 3.968090e+03
134217728 3.575386e+03
268435456 3.498494e+03
536870912 3.642253e+03
1073741824 3.493938e+03
2147483648 3.529803e+03
