16 4.298764e+03
32 3.668042e+03
64 4.522329e+03
128 4.816376e+03
256 5.044136e+03
512 5.191434e+03
1024 5.063291e+03
2048 5.191434e+03
4096 5.322688e+03
8192 5.336891e+03
16384 5.369128e+03
32768 5.287508e+03
65536 5.280528e+03
131072 4.972032e+03
262144 5.256242e+03
524288 5.092298e+03
1048576 4.926108e+03
2097152 3.970223e+03
4194304 4.238785e+03
8388608 3.797468e+03
16777216 3.575685e+03
33554432 3.472976e+03
67108864 3.440737e+03
134217728 3.374786e+03
268435456 3.351502e+03
536870912 3.342087e+03
1073741824 3.334234e+03
2147483648 3.337594e+03
4294967296 3.337854e+03
8589934592 3.336477e+03
17179869184 3.338961e+03
