16 4.680187e+03
32 8.703536e+03
64 1.015443e+04
128 1.101928e+04
256 1.123333e+04
512 1.056106e+04
1024 1.381295e+04
2048 1.556925e+04
4096 1.660900e+04
8192 1.690736e+04
16384 1.518987e+04
32768 1.696113e+04
65536 1.696713e+04
131072 1.666088e+04
262144 1.361316e+04
524288 1.377331e+04
1048576 1.260504e+04
2097152 1.276256e+04
4194304 9.236098e+03
8388608 7.903837e+03
16777216 5.265467e+03
33554432 4.528302e+03
67108864 3.862013e+03
134217728 3.509093e+03
268435456 3.410302e+03
536870912 3.456867e+03
1073741824 3.350186e+03
2147483648 3.160122e+03
4294967296 3.304075e+03
8589934592 3.541435e+02
