16 6.294256e+03
32 5.930319e+03
64 6.456820e+03
128 7.200720e+03
256 5.118362e+03
512 6.149116e+03
1024 8.188332e+03
2048 8.978676e+03
4096 9.445100e+03
8192 9.638554e+03
16384 9.456265e+03
32768 9.720535e+03
65536 1.115760e+04
131072 1.173021e+04
262144 1.173021e+04
524288 1.169591e+04
1048576 1.169591e+04
2097152 9.313155e+03
4194304 9.478673e+03
8388608 7.580543e+03
16777216 7.371007e+03
33554432 1.253100e+04
67108864 1.418964e+04
134217728 1.586842e+04
268435456 1.537322e+04
536870912 1.559834e+04
1073741824 1.447023e+04
2147483648 1.412716e+04
4294967296 1.363571e+04
8589934592 1.349999e+04
17179869184 1.482482e+03
