#stride=64
0.00049 1.063 3.007
0.00098 1.067 3.019
0.00195 1.063 3.008
0.00293 1.066 3.017
0.00391 1.079 3.055
0.00586 1.063 3.007
0.00781 1.070 3.028
0.00977 1.073 3.037
0.01172 1.072 3.035
0.01367 1.064 3.012
0.01562 1.063 3.009
0.01758 1.068 3.023
0.01953 1.073 3.037
0.02148 1.074 3.040
0.02344 1.064 3.012
0.02539 1.062 3.006
0.02734 1.078 3.050
0.02930 1.069 3.024
0.03125 1.063 3.007
0.03516 5.357 15.160
0.03906 5.328 15.078
0.04297 5.316 15.045
0.04688 5.392 15.258
0.05078 5.317 15.046
0.05469 5.327 15.075
0.05859 5.395 15.268
0.06250 5.359 15.165
0.07031 5.375 15.212
0.07812 5.344 15.123
0.08594 5.393 15.262
0.09375 5.338 15.106
0.10156 5.387 15.246
0.10938 5.345 15.127
0.11719 5.339 15.109
0.12500 5.392 15.259
0.14062 5.363 15.177
0.15625 5.384 15.237
0.17188 5.348 15.135
0.18750 5.364 15.180
0.20312 5.401 15.284
0.21875 5.489 15.533
0.23438 5.334 15.095
0.25000 5.353 15.149
0.28125 5.377 15.216
0.31250 5.357 15.161
0.34375 5.387 15.245
0.37500 5.352 15.145
0.40625 5.352 15.147
0.43750 5.411 15.312
0.46875 5.351 15.143
0.50000 5.413 15.317
0.56250 5.335 15.099
0.62500 5.349 15.137
0.68750 5.367 15.188
0.75000 5.399 15.280
0.81250 5.335 15.097
0.87500 5.398 15.277
0.93750 5.354 15.152
1.00000 5.339 15.110
1.12500 5.437 15.387
1.25000 5.402 15.288
1.37500 5.418 15.333
1.50000 5.402 15.289
1.62500 5.391 15.258
1.75000 5.464 15.462
1.87500 5.403 15.292
2.00000 5.390 15.255
2.25000 5.408 15.305
2.50000 5.392 15.259
2.75000 5.497 15.556
3.00000 5.487 15.529
3.25000 5.693 16.112
3.50000 5.414 15.323
3.75000 5.669 16.044
4.00000 6.035 17.079
4.50000 5.994 16.963
5.00000 6.881 19.474
5.50000 7.840 22.186
6.00000 9.323 26.385
6.50000 10.083 28.534
7.00000 10.853 30.713
7.50000 11.968 33.870
8.00000 12.115 34.286
9.00000 12.392 35.068
10.00000 12.694 35.924
11.00000 12.794 36.208
12.00000 12.560 35.544
13.00000 12.586 35.618
14.00000 12.613 35.694
15.00000 12.870 36.422
16.00000 12.883 36.459
18.00000 12.691 35.915
20.00000 12.608 35.681
22.00000 12.503 35.383
24.00000 12.929 36.590
26.00000 12.457 35.254
28.00000 12.896 36.495
30.00000 12.583 35.609
32.00000 12.873 36.432
36.00000 12.858 36.387
40.00000 12.676 35.873
44.00000 12.906 36.525
48.00000 12.856 36.381
52.00000 12.778 36.161
56.00000 12.579 35.597
60.00000 12.569 35.569
64.00000 12.851 36.370
72.00000 12.392 35.069
80.00000 12.656 35.816
88.00000 12.605 35.672
96.00000 12.506 35.392
104.00000 12.514 35.414
112.00000 12.354 34.962
120.00000 12.480 35.317
128.00000 12.678 35.878

