#stride=32
0.00049 1.306 3.004
0.00098 1.306 3.004
0.00195 1.306 3.004
0.00293 1.306 3.003
0.00391 1.306 3.004
0.00586 1.306 3.004
0.00781 1.306 3.003
0.00977 1.306 3.004
0.01172 1.306 3.004
0.01367 1.306 3.003
0.01562 1.306 3.003
0.01758 1.306 3.004
0.01953 1.305 3.002
0.02148 1.306 3.003
0.02344 1.305 3.001
0.02539 1.305 3.002
0.02734 1.305 3.001
0.02930 1.305 3.002
0.03125 1.305 3.001
0.03516 1.306 3.003
0.03906 1.306 3.004
0.04297 1.308 3.009
0.04688 1.308 3.009
0.05078 1.308 3.008
0.05469 1.308 3.008
0.05859 1.308 3.007
0.06250 1.307 3.007
0.07031 1.626 3.741
0.07812 1.881 4.327
0.08594 2.091 4.808
0.09375 2.268 5.216
0.10156 2.268 5.216
0.10938 2.268 5.216
0.11719 2.267 5.215
0.12500 2.267 5.215
0.14062 2.266 5.212
0.15625 2.266 5.212
0.17188 2.266 5.213
0.18750 2.268 5.215
0.20312 2.268 5.216
0.21875 2.268 5.216
0.23438 2.268 5.216
0.25000 2.268 5.216
0.28125 2.268 5.216
0.31250 2.268 5.216
0.34375 2.268 5.216
0.37500 2.268 5.216
0.40625 2.347 5.399
0.43750 2.394 5.506
0.46875 2.676 6.154
0.50000 3.060 7.039
0.56250 3.762 8.653
0.62500 4.291 9.868
0.68750 4.568 10.505
0.75000 4.661 10.720
0.81250 4.665 10.730
0.87500 4.676 10.755
0.93750 4.675 10.753
1.00000 4.701 10.812
1.12500 4.726 10.870
1.25000 4.963 11.414
1.37500 5.209 11.981
1.50000 5.699 13.108
1.62500 7.993 18.385
1.75000 9.483 21.810
1.87500 10.154 23.354
2.00000 10.639 24.469
2.25000 10.664 24.528
2.50000 10.726 24.670
2.75000 10.789 24.814
3.00000 10.776 24.784
3.25000 10.790 24.817
3.50000 10.707 24.625
3.75000 10.615 24.415
4.00000 10.657 24.512
4.50000 10.669 24.538
5.00000 10.672 24.547
5.50000 10.764 24.758
6.00000 10.734 24.688
6.50000 10.762 24.752
7.00000 10.798 24.836
7.50000 10.812 24.868
8.00000 10.842 24.937
9.00000 10.846 24.947
10.00000 10.872 25.007
11.00000 10.888 25.043
12.00000 10.956 25.199
13.00000 11.015 25.336
14.00000 11.032 25.375
15.00000 11.044 25.400
16.00000 11.063 25.445
18.00000 10.788 24.814
20.00000 10.786 24.808
22.00000 10.801 24.843
24.00000 11.193 25.743
26.00000 10.773 24.777
28.00000 11.262 25.903
30.00000 10.794 24.825
32.00000 10.767 24.765
36.00000 10.766 24.763
40.00000 10.769 24.768
44.00000 10.763 24.755
48.00000 10.772 24.777
52.00000 10.888 25.042
56.00000 10.774 24.781
60.00000 11.571 26.612
64.00000 11.718 26.951
72.00000 10.772 24.776
80.00000 12.079 27.782
88.00000 12.523 28.803
96.00000 10.758 24.744
104.00000 11.382 26.178
112.00000 11.675 26.852
120.00000 12.056 27.729
128.00000 11.975 27.543

