#stride=32
0.00049 1.305 3.002
0.00098 1.306 3.003
0.00195 1.306 3.004
0.00293 1.306 3.004
0.00391 1.306 3.003
0.00586 1.306 3.004
0.00781 1.306 3.004
0.00977 1.306 3.004
0.01172 1.306 3.003
0.01367 1.306 3.004
0.01562 1.306 3.004
0.01758 1.306 3.003
0.01953 1.306 3.004
0.02148 1.306 3.004
0.02344 1.306 3.004
0.02539 1.306 3.003
0.02734 1.306 3.003
0.02930 1.306 3.004
0.03125 1.306 3.003
0.03516 1.306 3.004
0.03906 1.306 3.003
0.04297 1.309 3.011
0.04688 1.309 3.011
0.05078 1.309 3.010
0.05469 1.309 3.010
0.05859 1.309 3.010
0.06250 1.308 3.009
0.07031 1.627 3.741
0.07812 1.883 4.330
0.08594 2.092 4.812
0.09375 2.269 5.219
0.10156 2.268 5.217
0.10938 2.268 5.217
0.11719 2.268 5.217
0.12500 2.269 5.218
0.14062 2.268 5.216
0.15625 2.269 5.219
0.17188 2.268 5.217
0.18750 2.267 5.214
0.20312 2.268 5.216
0.21875 2.269 5.219
0.23438 2.269 5.219
0.25000 2.269 5.219
0.28125 2.267 5.214
0.31250 2.269 5.219
0.34375 2.269 5.218
0.37500 2.268 5.216
0.40625 2.363 5.434
0.43750 2.458 5.653
0.46875 2.702 6.214
0.50000 3.082 7.089
0.56250 3.936 9.052
0.62500 4.087 9.401
0.68750 4.176 9.604
0.75000 4.227 9.723
0.81250 4.383 10.081
0.87500 4.428 10.184
0.93750 4.441 10.214
1.00000 4.432 10.194
1.12500 4.448 10.229
1.25000 4.449 10.233
1.37500 4.457 10.251
1.50000 4.471 10.284
1.62500 5.065 11.650
1.75000 5.113 11.759
1.87500 5.925 13.628
2.00000 5.877 13.518
2.25000 6.324 14.544
2.50000 6.993 16.084
2.75000 7.890 18.148
3.00000 8.587 19.751
3.25000 9.082 20.888
3.50000 9.467 21.774
3.75000 9.558 21.984
4.00000 9.623 22.132
4.50000 9.713 22.340
5.00000 9.569 22.009
5.50000 9.611 22.105
6.00000 9.601 22.082
6.50000 9.599 22.077
7.00000 9.610 22.104
7.50000 9.658 22.214
8.00000 9.635 22.160
9.00000 9.644 22.181
10.00000 9.637 22.165
11.00000 9.668 22.236
12.00000 9.754 22.433
13.00000 9.672 22.246
14.00000 9.676 22.255
15.00000 9.673 22.248
16.00000 9.674 22.251
18.00000 9.677 22.256
20.00000 9.669 22.240
22.00000 9.671 22.244
24.00000 9.674 22.250
26.00000 9.672 22.246
28.00000 9.670 22.241
30.00000 9.665 22.229
32.00000 9.665 22.230
36.00000 9.664 22.228
40.00000 9.665 22.230
44.00000 9.681 22.267
48.00000 9.667 22.233
52.00000 9.675 22.252
56.00000 9.663 22.224
60.00000 9.686 22.278
64.00000 9.663 22.226
72.00000 9.644 22.181
80.00000 9.643 22.178
88.00000 9.646 22.186
96.00000 9.645 22.183
104.00000 9.673 22.247
112.00000 9.653 22.202
120.00000 9.636 22.164
128.00000 9.708 22.328

