#stride=32
0.00049 1.306 3.003
0.00098 1.306 3.003
0.00195 1.306 3.003
0.00293 1.306 3.003
0.00391 1.306 3.003
0.00586 1.306 3.003
0.00781 1.306 3.003
0.00977 1.306 3.003
0.01172 1.306 3.003
0.01367 1.306 3.003
0.01562 1.306 3.003
0.01758 1.306 3.003
0.01953 1.305 3.001
0.02148 1.306 3.003
0.02344 1.305 3.001
0.02539 1.305 3.002
0.02734 1.305 3.001
0.02930 1.305 3.001
0.03125 1.305 3.002
0.03516 1.306 3.003
0.03906 1.305 3.002
0.04297 1.308 3.008
0.04688 1.308 3.008
0.05078 1.308 3.008
0.05469 1.308 3.008
0.05859 1.307 3.007
0.06250 1.308 3.008
0.07031 1.626 3.740
0.07812 1.882 4.328
0.08594 2.090 4.807
0.09375 2.267 5.214
0.10156 2.267 5.215
0.10938 2.268 5.215
0.11719 2.267 5.215
0.12500 2.266 5.212
0.14062 2.266 5.212
0.15625 2.266 5.212
0.17188 2.268 5.216
0.18750 2.268 5.216
0.20312 2.268 5.216
0.21875 2.268 5.216
0.23438 2.268 5.216
0.25000 2.268 5.216
0.28125 2.268 5.216
0.31250 2.268 5.216
0.34375 2.268 5.216
0.37500 2.268 5.216
0.40625 2.352 5.408
0.43750 2.411 5.546
0.46875 2.867 6.594
0.50000 3.139 7.220
0.56250 3.724 8.565
0.62500 4.325 9.948
0.68750 4.598 10.574
0.75000 4.667 10.734
0.81250 4.668 10.736
0.87500 4.679 10.762
0.93750 4.690 10.786
1.00000 4.693 10.793
1.12500 4.749 10.923
1.25000 5.267 12.113
1.37500 5.407 12.436
1.50000 6.488 14.923
1.62500 8.542 19.646
1.75000 9.877 22.716
1.87500 10.388 23.893
2.00000 10.449 24.033
2.25000 10.741 24.704
2.50000 10.769 24.768
2.75000 10.729 24.676
3.00000 10.762 24.752
3.25000 10.687 24.580
3.50000 10.671 24.543
3.75000 10.652 24.499
4.00000 10.650 24.494
4.50000 10.642 24.477
5.00000 10.706 24.624
5.50000 10.732 24.683
6.00000 10.694 24.597
6.50000 10.760 24.749
7.00000 10.791 24.819
7.50000 10.798 24.835
8.00000 10.797 24.834
9.00000 10.842 24.936
10.00000 10.893 25.054
11.00000 10.908 25.089
12.00000 10.940 25.161
13.00000 10.989 25.274
14.00000 11.008 25.318
15.00000 11.014 25.333
16.00000 11.042 25.397
18.00000 11.091 25.509
20.00000 10.766 24.763
22.00000 11.151 25.646
24.00000 11.199 25.758
26.00000 11.234 25.839
28.00000 11.265 25.909
30.00000 10.739 24.701
32.00000 11.327 26.051
36.00000 10.757 24.741
40.00000 10.755 24.737
44.00000 11.053 25.423
48.00000 11.572 26.617
52.00000 10.754 24.734
56.00000 10.843 24.940
60.00000 11.110 25.554
64.00000 11.914 27.401
72.00000 11.196 25.751
80.00000 12.209 28.080
88.00000 12.074 27.771
96.00000 10.971 25.234
104.00000 10.922 25.121
112.00000 12.197 28.054
120.00000 10.762 24.753
128.00000 9.575 22.023

