#stride=32
0.00049 1.206 3.015
0.00098 1.206 3.014
0.00195 1.205 3.013
0.00293 1.206 3.014
0.00391 1.205 3.013
0.00586 1.205 3.013
0.00781 1.205 3.013
0.00977 1.205 3.012
0.01172 1.205 3.013
0.01367 1.205 3.012
0.01562 1.205 3.013
0.01758 1.205 3.013
0.01953 1.205 3.013
0.02148 1.206 3.014
0.02344 1.205 3.014
0.02539 1.205 3.013
0.02734 1.205 3.013
0.02930 1.205 3.013
0.03125 1.240 3.100
0.03516 3.616 9.041
0.03906 3.616 9.041
0.04297 3.617 9.042
0.04688 3.617 9.042
0.05078 3.618 9.044
0.05469 3.618 9.044
0.05859 3.619 9.047
0.06250 3.618 9.046
0.07031 3.623 9.057
0.07812 3.624 9.059
0.08594 3.624 9.059
0.09375 3.623 9.058
0.10156 3.623 9.057
0.10938 3.624 9.059
0.11719 3.624 9.059
0.12500 3.624 9.059
0.14062 3.624 9.061
0.15625 3.628 9.071
0.17188 3.625 9.062
0.18750 3.625 9.064
0.20312 3.633 9.082
0.21875 3.643 9.108
0.23438 3.623 9.057
0.25000 3.623 9.058
0.28125 3.633 9.081
0.31250 3.653 9.132
0.34375 3.627 9.068
0.37500 3.628 9.070
0.40625 3.621 9.053
0.43750 3.621 9.051
0.46875 3.624 9.059
0.50000 3.621 9.052
0.56250 3.627 9.069
0.62500 3.622 9.055
0.68750 3.623 9.058
0.75000 3.622 9.056
0.81250 3.626 9.066
0.87500 3.635 9.089
0.93750 3.635 9.088
1.00000 3.630 9.075
1.12500 3.643 9.108
1.25000 3.654 9.136
1.37500 3.655 9.138
1.50000 3.655 9.136
1.62500 3.656 9.140
1.75000 3.660 9.150
1.87500 3.659 9.147
2.00000 3.661 9.154
2.25000 3.659 9.147
2.50000 3.659 9.147
2.75000 3.659 9.146
3.00000 3.656 9.141
3.25000 3.660 9.150
3.50000 3.670 9.174
3.75000 3.655 9.138
4.00000 3.662 9.155
4.50000 3.676 9.189
5.00000 3.712 9.279
5.50000 3.921 9.802
6.00000 4.288 10.719
6.50000 7.103 17.757
7.00000 7.431 18.577
7.50000 7.588 18.969
8.00000 7.717 19.292
9.00000 7.883 19.708
10.00000 7.968 19.920
11.00000 8.005 20.011
12.00000 8.004 20.011
13.00000 8.024 20.060
14.00000 8.031 20.077
15.00000 8.122 20.305
16.00000 8.092 20.229
18.00000 8.037 20.092
20.00000 8.109 20.273
22.00000 8.066 20.164
24.00000 8.098 20.246
26.00000 8.142 20.355
28.00000 8.187 20.469
30.00000 8.061 20.153
32.00000 8.162 20.405
36.00000 8.126 20.315
40.00000 8.043 20.108
44.00000 8.071 20.176
48.00000 8.068 20.169
52.00000 8.053 20.132
56.00000 8.050 20.125
60.00000 8.105 20.264
64.00000 8.053 20.133
72.00000 8.062 20.154
80.00000 8.066 20.164
88.00000 8.037 20.092
96.00000 8.102 20.254
104.00000 8.080 20.201
112.00000 8.144 20.360
120.00000 8.017 20.042
128.00000 8.040 20.100

