#stride=64
0.00049 1.205 3.013
0.00098 1.205 3.012
0.00195 1.205 3.012
0.00293 1.206 3.014
0.00391 1.206 3.016
0.00586 1.205 3.012
0.00781 1.207 3.017
0.00977 1.206 3.015
0.01172 1.206 3.016
0.01367 1.206 3.016
0.01562 1.206 3.015
0.01758 1.206 3.015
0.01953 1.206 3.014
0.02148 1.206 3.016
0.02344 1.207 3.016
0.02539 1.206 3.016
0.02734 1.206 3.016
0.02930 1.206 3.015
0.03125 1.270 3.176
0.03516 6.031 15.077
0.03906 6.030 15.075
0.04297 6.030 15.075
0.04688 6.030 15.074
0.05078 6.041 15.103
0.05469 6.046 15.115
0.05859 6.071 15.177
0.06250 6.070 15.174
0.07031 6.070 15.174
0.07812 6.078 15.195
0.08594 6.045 15.114
0.09375 6.041 15.103
0.10156 6.049 15.123
0.10938 6.038 15.096
0.11719 6.052 15.129
0.12500 6.066 15.165
0.14062 6.072 15.180
0.15625 6.050 15.124
0.17188 6.078 15.194
0.18750 6.077 15.193
0.20312 6.053 15.132
0.21875 6.052 15.129
0.23438 6.052 15.129
0.25000 6.057 15.143
0.28125 6.047 15.118
0.31250 6.048 15.121
0.34375 6.053 15.132
0.37500 6.052 15.131
0.40625 6.046 15.116
0.43750 6.047 15.118
0.46875 6.048 15.121
0.50000 6.043 15.109
0.56250 6.040 15.100
0.62500 6.040 15.100
0.68750 6.042 15.105
0.75000 6.043 15.108
0.81250 6.040 15.099
0.87500 6.040 15.101
0.93750 6.040 15.100
1.00000 6.042 15.106
1.12500 6.077 15.193
1.25000 6.110 15.275
1.37500 6.105 15.262
1.50000 6.108 15.269
1.62500 6.125 15.313
1.75000 6.128 15.319
1.87500 6.144 15.359
2.00000 6.111 15.277
2.25000 6.113 15.282
2.50000 6.108 15.270
2.75000 6.124 15.309
3.00000 6.103 15.257
3.25000 6.123 15.307
3.50000 6.132 15.330
3.75000 6.110 15.274
4.00000 6.114 15.286
4.50000 6.131 15.327
5.00000 6.222 15.554
5.50000 6.182 15.455
6.00000 7.132 17.829
6.50000 13.850 34.626
7.00000 14.517 36.293
7.50000 14.926 37.316
8.00000 15.156 37.891
9.00000 15.485 38.713
10.00000 15.642 39.105
11.00000 15.669 39.172
12.00000 15.687 39.219
13.00000 15.679 39.197
14.00000 15.697 39.244
15.00000 15.675 39.188
16.00000 15.686 39.216
18.00000 15.690 39.226
20.00000 15.714 39.284
22.00000 15.698 39.246
24.00000 15.958 39.894
26.00000 15.753 39.382
28.00000 15.727 39.317
30.00000 15.789 39.472
32.00000 15.747 39.366
36.00000 15.772 39.431
40.00000 15.742 39.355
44.00000 15.829 39.574
48.00000 15.920 39.800
52.00000 15.901 39.754
56.00000 15.788 39.469
60.00000 15.736 39.341
64.00000 15.686 39.216
72.00000 15.692 39.230
80.00000 15.757 39.393
88.00000 15.715 39.286
96.00000 15.722 39.306
104.00000 15.787 39.467
112.00000 15.727 39.318
120.00000 15.731 39.328
128.00000 15.805 39.512

