#stride=32
0.00049 1.206 3.016
0.00098 1.204 3.011
0.00195 1.208 3.019
0.00293 1.206 3.016
0.00391 1.206 3.014
0.00586 1.207 3.018
0.00781 1.206 3.016
0.00977 1.206 3.016
0.01172 1.205 3.012
0.01367 1.203 3.008
0.01562 1.204 3.009
0.01758 1.203 3.008
0.01953 1.204 3.010
0.02148 1.206 3.015
0.02344 1.206 3.016
0.02539 1.205 3.013
0.02734 1.207 3.017
0.02930 1.207 3.017
0.03125 1.240 3.099
0.03516 3.613 9.033
0.03906 3.613 9.033
0.04297 3.616 9.039
0.04688 3.621 9.053
0.05078 3.624 9.061
0.05469 3.627 9.068
0.05859 3.646 9.115
0.06250 3.620 9.049
0.07031 3.651 9.128
0.07812 3.646 9.114
0.08594 3.627 9.068
0.09375 3.644 9.111
0.10156 3.640 9.099
0.10938 3.627 9.068
0.11719 3.624 9.059
0.12500 3.635 9.088
0.14062 3.624 9.060
0.15625 3.626 9.064
0.17188 3.635 9.087
0.18750 3.627 9.067
0.20312 3.623 9.058
0.21875 3.631 9.078
0.23438 3.634 9.084
0.25000 3.622 9.056
0.28125 3.648 9.120
0.31250 3.632 9.079
0.34375 3.627 9.068
0.37500 3.622 9.054
0.40625 3.622 9.055
0.43750 3.626 9.065
0.46875 3.623 9.058
0.50000 3.622 9.055
0.56250 3.652 9.129
0.62500 3.655 9.137
0.68750 3.625 9.063
0.75000 3.647 9.117
0.81250 3.650 9.126
0.87500 3.646 9.114
0.93750 3.646 9.115
1.00000 3.650 9.124
1.12500 3.660 9.150
1.25000 3.689 9.223
1.37500 3.677 9.194
1.50000 3.682 9.204
1.62500 3.684 9.211
1.75000 3.678 9.195
1.87500 3.684 9.210
2.00000 3.679 9.197
2.25000 3.671 9.177
2.50000 3.667 9.168
2.75000 3.654 9.135
3.00000 3.652 9.129
3.25000 3.653 9.132
3.50000 3.654 9.134
3.75000 3.654 9.136
4.00000 3.660 9.149
4.50000 3.675 9.186
5.00000 3.707 9.269
5.50000 3.729 9.322
6.00000 4.180 10.451
6.50000 7.122 17.805
7.00000 7.426 18.565
7.50000 7.630 19.076
8.00000 7.812 19.531
9.00000 8.044 20.109
10.00000 8.277 20.694
11.00000 8.247 20.617
12.00000 8.207 20.519
13.00000 8.134 20.335
14.00000 8.094 20.234
15.00000 8.127 20.317
16.00000 8.091 20.227
18.00000 8.077 20.193
20.00000 8.160 20.400
22.00000 8.133 20.333
24.00000 8.128 20.320
26.00000 8.282 20.706
28.00000 8.323 20.809
30.00000 8.226 20.564
32.00000 8.117 20.294
36.00000 8.157 20.393
40.00000 8.144 20.360
44.00000 8.136 20.339
48.00000 8.114 20.286
52.00000 8.086 20.215
56.00000 8.099 20.248
60.00000 8.086 20.215
64.00000 8.098 20.245
72.00000 8.094 20.235
80.00000 8.099 20.249
88.00000 8.261 20.651
96.00000 8.111 20.279
104.00000 8.110 20.275
112.00000 8.096 20.241
120.00000 8.071 20.177
128.00000 8.068 20.170

