16 8.639775e+02
32 1.197246e+03
64 1.284831e+03
128 1.339136e+03
256 1.352722e+03
512 1.330119e+03
1024 1.362862e+03
2048 1.377055e+03
4096 1.302295e+03
8192 1.291781e+03
16384 1.287416e+03
32768 1.276833e+03
65536 1.275714e+03
131072 1.263025e+03
262144 1.260041e+03
524288 1.246300e+03
1048576 1.094841e+03
2097152 9.783539e+02
4194304 9.099699e+02
8388608 8.255508e+02
16777216 6.469875e+02
33554432 6.247682e+02
67108864 6.133147e+02
134217728 6.107074e+02
268435456 6.058612e+02
536870912 6.008134e+02
1073741824 5.964016e+02
