#stride=128
0.00049 1.004 4.012
0.00098 1.004 4.012
0.00195 1.004 4.013
0.00293 1.004 4.012
0.00391 1.004 4.012
0.00586 1.004 4.012
0.00781 1.004 4.012
0.00977 1.004 4.012
0.01172 1.004 4.013
0.01367 1.004 4.014
0.01562 1.027 4.105
0.01758 1.019 4.076
0.01953 1.004 4.013
0.02148 1.004 4.013
0.02344 1.004 4.013
0.02539 1.004 4.013
0.02734 1.004 4.014
0.02930 1.004 4.014
0.03125 1.004 4.015
0.03516 3.512 14.042
0.03906 3.117 12.463
0.04297 3.153 12.605
0.04688 3.316 13.258
0.05078 3.512 14.042
0.05469 3.512 14.042
0.05859 3.514 14.048
0.06250 3.512 14.042
0.07031 3.292 13.163
0.07812 3.315 13.254
0.08594 3.512 14.042
0.09375 3.512 14.042
0.10156 3.462 13.839
0.10938 3.371 13.476
0.11719 3.512 14.042
0.12500 3.512 14.043
0.14062 3.402 13.602
0.15625 3.512 14.042
0.17188 3.422 13.682
0.18750 3.513 14.046
0.20312 3.462 13.840
0.21875 3.512 14.043
0.23438 3.447 13.780
0.25000 3.513 14.043
0.28125 3.513 14.044
0.31250 3.513 14.043
0.34375 3.513 14.044
0.37500 3.513 14.044
0.40625 3.513 14.043
0.43750 3.513 14.044
0.46875 3.513 14.043
0.50000 3.513 14.043
0.56250 3.513 14.043
0.62500 3.513 14.044
0.68750 3.513 14.043
0.75000 3.514 14.050
0.81250 3.806 15.218
0.87500 4.392 17.561
0.93750 4.856 19.415
1.00000 5.217 20.858
1.12500 6.734 26.921
1.25000 8.104 32.398
1.37500 7.884 31.521
1.50000 7.456 29.807
1.62500 7.275 29.086
1.75000 7.134 28.521
1.87500 7.099 28.382
2.00000 7.099 28.382
2.25000 7.139 28.540
2.50000 7.136 28.530
2.75000 7.109 28.422
3.00000 7.102 28.395
3.25000 7.122 28.473
3.50000 7.121 28.470
3.75000 7.109 28.423
4.00000 7.136 28.529
4.50000 7.192 28.752
5.00000 7.226 28.890
5.50000 7.189 28.741
6.00000 7.145 28.565
6.50000 7.179 28.700
7.00000 7.105 28.407
7.50000 7.127 28.494
8.00000 7.149 28.581
9.00000 7.496 29.969
10.00000 7.267 29.055
11.00000 7.322 29.275
12.00000 7.268 29.056
13.00000 7.357 29.414
14.00000 7.381 29.508
15.00000 7.328 29.296
16.00000 7.434 29.720
18.00000 7.429 29.703
20.00000 7.552 30.194
22.00000 7.548 30.178
24.00000 7.613 30.438
26.00000 7.637 30.531
28.00000 8.424 33.680
30.00000 8.404 33.600
32.00000 8.659 34.619
36.00000 10.740 42.939
40.00000 12.592 50.342
44.00000 13.423 53.667
48.00000 13.816 55.238
52.00000 14.384 57.508
56.00000 14.856 59.394
60.00000 15.284 61.104
64.00000 15.847 63.356
72.00000 16.436 65.710
80.00000 17.006 67.990
88.00000 17.413 69.619
96.00000 17.853 71.377
104.00000 18.020 72.043
112.00000 18.504 73.978
120.00000 18.455 73.784
128.00000 18.774 75.057
144.00000 19.068 76.232
160.00000 19.305 77.183
176.00000 19.501 77.967
192.00000 19.708 78.791
208.00000 19.924 79.657
224.00000 19.995 79.939
240.00000 20.173 80.651
256.00000 20.178 80.672
288.00000 20.339 81.314
320.00000 20.527 82.066
352.00000 20.599 82.356
384.00000 20.720 82.837
416.00000 20.739 82.914
448.00000 20.823 83.252
480.00000 20.863 83.410
512.00000 20.908 83.592
576.00000 21.027 84.067
640.00000 21.096 84.343
704.00000 21.151 84.560
768.00000 21.170 84.636
832.00000 21.219 84.833
896.00000 21.272 85.046
960.00000 21.263 85.008
1024.00000 21.283 85.090
1152.00000 21.340 85.318
1280.00000 21.366 85.421
1408.00000 21.382 85.485
1536.00000 21.424 85.652
1664.00000 21.475 85.856
1792.00000 21.459 85.792
1920.00000 21.482 85.887
2048.00000 21.674 86.653
2304.00000 21.506 85.980
2560.00000 21.535 86.096
2816.00000 21.567 86.226
3072.00000 21.546 86.141
3328.00000 21.545 86.137
3584.00000 21.564 86.211
3840.00000 21.597 86.345
4096.00000 21.596 86.343
4608.00000 21.621 86.443
5120.00000 21.685 86.695
5632.00000 21.624 86.454
6144.00000 21.615 86.418
6656.00000 21.622 86.443
7168.00000 21.630 86.478
7680.00000 21.618 86.430
8192.00000 21.669 86.634
9216.00000 21.639 86.511
10240.00000 21.664 86.614
11264.00000 21.761 87.002
12288.00000 21.698 86.750
13312.00000 21.695 86.736
14336.00000 21.706 86.782
15360.00000 21.737 86.903
16384.00000 21.809 87.193

