#stride=256
0.00049 1.253 2.507
0.00098 1.253 2.506
0.00195 1.253 2.506
0.00293 1.253 2.507
0.00391 1.258 2.515
0.00586 1.255 2.509
0.00781 1.253 2.507
0.00977 1.256 2.512
0.01172 1.290 2.580
0.01367 1.268 2.536
0.01562 1.281 2.562
0.01758 1.269 2.539
0.01953 1.267 2.534
0.02148 1.266 2.532
0.02344 1.259 2.517
0.02539 1.254 2.509
0.02734 1.253 2.507
0.02930 1.254 2.507
0.03125 1.258 2.516
0.03516 2.665 5.330
0.03906 3.864 7.728
0.04297 3.796 7.592
0.04688 3.835 7.670
0.05078 3.315 6.631
0.05469 3.240 6.479
0.05859 3.458 6.916
0.06250 3.763 7.526
0.07031 3.802 7.603
0.07812 3.841 7.681
0.08594 3.770 7.541
0.09375 3.818 7.636
0.10156 3.800 7.600
0.10938 3.845 7.690
0.11719 3.712 7.424
0.12500 3.769 7.537
0.14062 3.764 7.527
0.15625 3.763 7.526
0.17188 3.808 7.616
0.18750 3.761 7.521
0.20312 3.759 7.518
0.21875 3.761 7.521
0.23438 3.760 7.521
0.25000 3.787 7.573
0.28125 11.223 22.446
0.31250 11.106 22.211
0.34375 11.118 22.235
0.37500 11.026 22.051
0.40625 11.468 22.937
0.43750 11.055 22.110
0.46875 10.888 21.776
0.50000 11.122 22.244
0.56250 10.892 21.784
0.62500 10.874 21.747
0.68750 11.122 22.245
0.75000 11.110 22.220
0.81250 10.885 21.771
0.87500 10.879 21.758
0.93750 10.896 21.793
1.00000 10.883 21.765
1.12500 10.885 21.769
1.25000 10.930 21.860
1.37500 11.161 22.322
1.50000 10.895 21.789
1.62500 10.888 21.776
1.75000 11.165 22.330
1.87500 10.878 21.756
2.00000 10.940 21.881
2.25000 11.109 22.218
2.50000 11.021 22.042
2.75000 10.901 21.802
3.00000 10.899 21.798
3.25000 11.018 22.035
3.50000 11.693 23.385
3.75000 11.475 22.950
4.00000 11.734 23.468
4.50000 17.563 35.126
5.00000 13.772 27.545
5.50000 20.596 41.192
6.00000 17.207 34.415
6.50000 16.300 32.601
7.00000 18.349 36.697
7.50000 18.759 37.518
8.00000 20.969 41.939
9.00000 21.506 43.011
10.00000 23.004 46.009
11.00000 24.390 48.781
12.00000 25.558 51.115
13.00000 26.266 52.532
14.00000 26.999 53.997
15.00000 28.088 56.177
16.00000 28.391 56.782
18.00000 29.424 58.847
20.00000 31.115 62.231
22.00000 31.605 63.211
24.00000 31.793 63.585
26.00000 32.049 64.098
28.00000 32.249 64.498
30.00000 32.938 65.876
32.00000 33.232 66.465
36.00000 33.903 67.807
40.00000 34.164 68.329
44.00000 35.112 70.223
48.00000 34.812 69.624
52.00000 40.037 80.074
56.00000 34.995 69.990
60.00000 35.441 70.883
64.00000 35.650 71.301
72.00000 35.658 71.316
80.00000 36.567 73.133
88.00000 36.443 72.886
96.00000 36.540 73.081
104.00000 36.983 73.965
112.00000 37.836 75.671
120.00000 38.502 77.004
128.00000 38.609 77.218
144.00000 39.915 79.830
160.00000 41.939 83.879
176.00000 52.469 104.938
192.00000 52.192 104.384
208.00000 52.830 105.660
224.00000 53.253 106.506
240.00000 52.926 105.852
256.00000 52.626 105.252

