#stride=128
0.00049 1.203 3.008
0.00098 1.203 3.009
0.00195 1.204 3.009
0.00293 1.203 3.008
0.00391 1.203 3.008
0.00586 1.203 3.008
0.00781 1.203 3.008
0.00977 1.203 3.008
0.01172 1.204 3.009
0.01367 1.204 3.009
0.01562 1.206 3.015
0.01758 1.207 3.018
0.01953 1.213 3.033
0.02148 1.214 3.035
0.02344 1.211 3.027
0.02539 1.203 3.008
0.02734 1.204 3.011
0.02930 1.203 3.008
0.03125 1.205 3.011
0.03516 6.035 15.088
0.03906 6.050 15.126
0.04297 5.346 13.365
0.04688 6.048 15.119
0.05078 6.041 15.102
0.05469 6.037 15.093
0.05859 6.036 15.090
0.06250 6.024 15.059
0.07031 6.038 15.094
0.07812 6.050 15.125
0.08594 6.051 15.127
0.09375 6.057 15.143
0.10156 6.052 15.130
0.10938 6.053 15.131
0.11719 6.051 15.127
0.12500 6.050 15.125
0.14062 6.051 15.129
0.15625 6.049 15.122
0.17188 6.051 15.127
0.18750 6.055 15.137
0.20312 6.046 15.114
0.21875 6.048 15.120
0.23438 6.048 15.120
0.25000 6.050 15.124
0.28125 6.054 15.135
0.31250 6.049 15.122
0.34375 6.055 15.137
0.37500 6.062 15.155
0.40625 6.052 15.130
0.43750 6.054 15.134
0.46875 6.050 15.125
0.50000 6.052 15.131
0.56250 6.049 15.123
0.62500 6.049 15.123
0.68750 6.048 15.120
0.75000 6.054 15.135
0.81250 6.053 15.132
0.87500 6.057 15.142
0.93750 6.058 15.145
1.00000 6.058 15.146
1.12500 6.117 15.292
1.25000 6.179 15.446
1.37500 6.172 15.431
1.50000 6.175 15.438
1.62500 6.174 15.435
1.75000 6.182 15.454
1.87500 6.189 15.473
2.00000 6.174 15.435
2.25000 6.177 15.443
2.50000 6.177 15.443
2.75000 6.181 15.452
3.00000 6.186 15.465
3.25000 6.175 15.437
3.50000 6.199 15.499
3.75000 6.199 15.498
4.00000 6.224 15.561
4.50000 6.247 15.617
5.00000 6.716 16.791
5.50000 7.708 19.269
6.00000 12.876 32.190
6.50000 67.738 169.346
7.00000 90.987 227.467
7.50000 79.232 198.079
8.00000 79.489 198.721
9.00000 83.579 208.949
10.00000 85.176 212.939
11.00000 86.300 215.751
12.00000 86.460 216.149
13.00000 86.647 216.618
14.00000 86.709 216.773
15.00000 86.675 216.688
16.00000 86.701 216.751
18.00000 86.667 216.667
20.00000 86.782 216.954
22.00000 86.820 217.049
24.00000 86.679 216.696
26.00000 86.714 216.784
28.00000 86.512 216.280
30.00000 86.209 215.523
32.00000 86.153 215.383
36.00000 86.091 215.227
40.00000 86.047 215.117
44.00000 86.037 215.092
48.00000 86.023 215.058
52.00000 86.176 215.440
56.00000 86.641 216.601
60.00000 86.485 216.212
64.00000 86.065 215.163
72.00000 87.850 219.626
80.00000 85.807 214.518
88.00000 85.420 213.551
96.00000 85.072 212.680
104.00000 85.390 213.474
112.00000 88.771 221.927
120.00000 85.869 214.673
128.00000 87.444 218.609
