#stride=128
0.00049 0.930 2.995
0.00098 0.931 2.997
0.00195 0.931 2.998
0.00293 0.931 2.996
0.00391 0.931 2.999
0.00586 0.931 2.998
0.00781 0.931 2.996
0.00977 0.932 3.000
0.01172 0.931 2.998
0.01367 0.937 3.018
0.01562 0.932 2.999
0.01758 0.931 2.998
0.01953 0.934 3.008
0.02148 0.931 2.998
0.02344 0.931 2.999
0.02539 0.933 3.004
0.02734 0.932 3.003
0.02930 0.931 2.997
0.03125 0.930 2.995
0.03516 0.930 2.995
0.03906 0.930 2.994
0.04297 0.930 2.995
0.04688 0.930 2.994
0.05078 0.930 2.995
0.05469 0.930 2.996
0.05859 0.930 2.996
0.06250 0.931 2.998
0.07031 0.931 2.998
0.07812 0.931 2.998
0.08594 0.931 2.998
0.09375 0.930 2.996
0.10156 0.932 3.000
0.10938 0.933 3.006
0.11719 0.931 2.999
0.12500 0.934 3.007
0.14062 1.791 5.766
0.15625 1.784 5.743
0.17188 1.789 5.762
0.18750 1.775 5.715
0.20312 1.779 5.727
0.21875 1.772 5.706
0.23438 1.771 5.701
0.25000 1.773 5.709
0.28125 1.771 5.702
0.31250 1.764 5.680
0.34375 1.768 5.695
0.37500 1.764 5.681
0.40625 1.757 5.657
0.43750 1.765 5.684
0.46875 1.762 5.674
0.50000 1.756 5.655
0.56250 1.762 5.673
0.62500 1.764 5.681
0.68750 1.760 5.667
0.75000 1.765 5.684
0.81250 1.762 5.672
0.87500 1.760 5.669
0.93750 1.754 5.649
1.00000 1.756 5.656
1.12500 1.754 5.648
1.25000 1.761 5.670
1.37500 1.755 5.651
1.50000 1.756 5.653
1.62500 1.754 5.647
1.75000 1.755 5.651
1.87500 1.753 5.644
2.00000 1.759 5.665
2.25000 1.755 5.650
2.50000 1.761 5.672
2.75000 1.750 5.635
3.00000 1.757 5.658
3.25000 1.766 5.686
3.50000 1.748 5.627
3.75000 1.750 5.636
4.00000 1.755 5.650
4.50000 1.770 5.700
5.00000 1.774 5.712
5.50000 1.753 5.646
6.00000 1.755 5.650
6.50000 1.759 5.664
7.00000 1.774 5.713
7.50000 1.844 5.937
8.00000 2.092 6.736
9.00000 2.575 8.290
10.00000 2.813 9.058
11.00000 3.398 10.942
12.00000 3.549 11.429
13.00000 3.875 12.476
14.00000 4.183 13.470
15.00000 4.452 14.334
16.00000 4.379 14.101
18.00000 4.502 14.496
20.00000 4.610 14.843
22.00000 4.719 15.196
24.00000 4.754 15.308
26.00000 5.208 16.770
28.00000 5.679 18.286
30.00000 6.134 19.752
32.00000 6.870 22.122
36.00000 8.317 26.779
40.00000 9.186 29.579
44.00000 9.699 31.232
48.00000 10.053 32.370
52.00000 10.132 32.624
56.00000 10.181 32.783
60.00000 10.175 32.764
64.00000 10.257 33.027
72.00000 10.267 33.059
80.00000 10.187 32.801
88.00000 10.190 32.813
96.00000 10.175 32.765
104.00000 10.152 32.691
112.00000 10.166 32.734
120.00000 10.196 32.832
128.00000 10.212 32.882

