#stride=128
0.00049 1.256 2.511
0.00098 1.254 2.508
0.00195 1.254 2.509
0.00293 1.256 2.513
0.00391 1.255 2.510
0.00586 1.254 2.508
0.00781 1.255 2.510
0.00977 1.254 2.508
0.01172 1.254 2.508
0.01367 1.254 2.509
0.01562 1.260 2.521
0.01758 1.262 2.524
0.01953 1.256 2.513
0.02148 1.254 2.508
0.02344 1.255 2.509
0.02539 1.255 2.509
0.02734 1.256 2.511
0.02930 1.258 2.516
0.03125 1.255 2.510
0.03516 3.788 7.577
0.03906 3.737 7.474
0.04297 3.602 7.204
0.04688 3.597 7.195
0.05078 3.767 7.534
0.05469 4.024 8.048
0.05859 3.767 7.534
0.06250 3.915 7.831
0.07031 3.535 7.070
0.07812 4.331 8.663
0.08594 4.842 9.685
0.09375 6.117 12.234
0.10156 5.465 10.930
0.10938 4.683 9.367
0.11719 5.126 10.252
0.12500 5.522 11.044
0.14062 5.559 11.119
0.15625 5.740 11.480
0.17188 5.572 11.145
0.18750 5.667 11.334
0.20312 6.183 12.367
0.21875 6.077 12.153
0.23438 5.608 11.216
0.25000 5.672 11.344
0.28125 5.190 10.381
0.31250 5.396 10.792
0.34375 5.417 10.834
0.37500 5.396 10.792
0.40625 5.436 10.871
0.43750 5.134 10.267
0.46875 5.429 10.858
0.50000 5.430 10.860
0.56250 5.393 10.785
0.62500 5.433 10.867
0.68750 5.396 10.792
0.75000 5.439 10.878
0.81250 5.462 10.925
0.87500 5.399 10.797
0.93750 5.390 10.779
1.00000 5.398 10.797
1.12500 5.425 10.849
1.25000 5.400 10.800
1.37500 5.422 10.844
1.50000 5.425 10.850
1.62500 5.420 10.841
1.75000 5.400 10.801
1.87500 5.401 10.802
2.00000 5.440 10.880
2.25000 5.398 10.795
2.50000 5.397 10.794
2.75000 5.429 10.858
3.00000 5.407 10.813
3.25000 5.437 10.873
3.50000 5.439 10.877
3.75000 5.487 10.974
4.00000 5.815 11.630
4.50000 7.485 14.971
5.00000 8.711 17.423
5.50000 9.602 19.204
6.00000 9.517 19.034
6.50000 10.055 20.110
7.00000 10.288 20.576
7.50000 9.001 18.002
8.00000 9.302 18.604
9.00000 10.143 20.287
10.00000 10.472 20.944
11.00000 11.914 23.827
12.00000 12.154 24.307
13.00000 11.976 23.953
14.00000 12.184 24.369
15.00000 11.137 22.274
16.00000 11.600 23.201
18.00000 11.302 22.604
20.00000 11.580 23.160
22.00000 11.323 22.646
24.00000 12.199 24.397
26.00000 12.780 25.560
28.00000 12.846 25.691
30.00000 12.355 24.710
32.00000 12.420 24.840
36.00000 12.122 24.244
40.00000 12.134 24.269
44.00000 11.705 23.410
48.00000 12.085 24.169
52.00000 11.762 23.525
56.00000 11.828 23.655
60.00000 11.913 23.826
64.00000 11.864 23.727
72.00000 11.936 23.873
80.00000 12.012 24.025
88.00000 12.015 24.029
96.00000 12.030 24.060
104.00000 12.202 24.404
112.00000 12.238 24.476
120.00000 12.354 24.708
128.00000 12.524 25.048

