#stride=128
0.00049 1.129 2.256
0.00098 1.129 2.256
0.00195 1.129 2.256
0.00293 1.129 2.256
0.00391 1.129 2.256
0.00586 1.129 2.256
0.00781 1.129 2.256
0.00977 1.129 2.256
0.01172 1.129 2.256
0.01367 1.135 2.267
0.01562 1.133 2.264
0.01758 1.130 2.257
0.01953 1.133 2.264
0.02148 1.133 2.263
0.02344 1.136 2.269
0.02539 1.129 2.257
0.02734 1.129 2.257
0.02930 1.130 2.257
0.03125 1.130 2.257
0.03516 5.272 10.533
0.03906 5.273 10.535
0.04297 4.670 9.330
0.04688 5.272 10.534
0.05078 5.272 10.534
0.05469 5.272 10.534
0.05859 5.272 10.534
0.06250 5.272 10.534
0.07031 5.286 10.560
0.07812 5.297 10.583
0.08594 5.297 10.583
0.09375 5.297 10.583
0.10156 5.297 10.583
0.10938 5.296 10.582
0.11719 5.297 10.582
0.12500 5.296 10.582
0.14062 5.296 10.582
0.15625 5.297 10.582
0.17188 5.297 10.583
0.18750 5.296 10.582
0.20312 5.297 10.583
0.21875 5.297 10.582
0.23438 5.297 10.583
0.25000 5.297 10.584
0.28125 5.297 10.583
0.31250 5.297 10.583
0.34375 5.296 10.582
0.37500 5.297 10.584
0.40625 5.296 10.582
0.43750 5.297 10.583
0.46875 5.297 10.583
0.50000 5.297 10.583
0.56250 5.296 10.582
0.62500 5.297 10.583
0.68750 5.297 10.583
0.75000 5.297 10.583
0.81250 5.297 10.583
0.87500 5.298 10.584
0.93750 5.297 10.584
1.00000 5.298 10.585
1.12500 5.363 10.714
1.25000 5.414 10.817
1.37500 5.414 10.818
1.50000 5.414 10.817
1.62500 5.415 10.818
1.75000 5.424 10.838
1.87500 5.457 10.904
2.00000 5.516 11.020
2.25000 5.522 11.032
2.50000 7.092 14.171
2.75000 7.914 15.812
3.00000 8.511 17.006
3.25000 28.052 56.048
3.50000 16.158 32.285
3.75000 21.304 42.565
4.00000 38.112 76.147
4.50000 49.105 98.111
5.00000 48.146 96.196
5.50000 52.911 105.716
6.00000 58.285 116.454
6.50000 62.852 125.578
7.00000 68.674 137.211
7.50000 70.189 140.239
8.00000 71.628 143.112
9.00000 75.077 150.004
10.00000 76.933 153.713
11.00000 78.230 156.303
12.00000 79.032 157.907
13.00000 79.565 158.971
14.00000 79.934 159.708
15.00000 80.190 160.220
16.00000 80.377 160.592
18.00000 80.586 161.010
20.00000 80.678 161.194
22.00000 80.693 161.224
24.00000 80.779 161.397
26.00000 80.791 161.420
28.00000 80.774 161.386
30.00000 80.790 161.418
32.00000 80.851 161.541
36.00000 80.868 161.575
40.00000 80.872 161.582
44.00000 80.840 161.519
48.00000 80.870 161.577
52.00000 80.869 161.577
56.00000 80.897 161.633
60.00000 80.873 161.584
64.00000 80.893 161.623
72.00000 80.950 161.738
80.00000 80.876 161.590
88.00000 80.880 161.599
96.00000 80.931 161.701
104.00000 80.916 161.670
112.00000 80.882 161.603
120.00000 80.915 161.668
128.00000 80.903 161.643

