#stride=128
0.00049 1.670 2.671
0.00098 1.669 2.671
0.00195 1.668 2.669
0.00293 1.670 2.671
0.00391 1.668 2.669
0.00586 1.670 2.671
0.00781 1.673 2.676
0.00977 1.668 2.669
0.01172 1.672 2.676
0.01367 1.668 2.669
0.01562 1.672 2.676
0.01758 1.668 2.669
0.01953 1.672 2.676
0.02148 1.668 2.669
0.02344 1.673 2.676
0.02539 1.668 2.669
0.02734 1.673 2.676
0.02930 1.669 2.670
0.03125 1.674 2.678
0.03516 4.171 6.673
0.03906 3.702 5.923
0.04297 3.753 6.005
0.04688 3.947 6.315
0.05078 4.197 6.715
0.05469 4.182 6.691
0.05859 4.170 6.672
0.06250 4.171 6.674
0.07031 3.934 6.295
0.07812 3.956 6.330
0.08594 4.200 6.721
0.09375 4.187 6.700
0.10156 4.158 6.652
0.10938 4.084 6.535
0.11719 4.267 6.827
0.12500 4.192 6.707
0.14062 4.151 6.641
0.15625 4.288 6.861
0.17188 4.156 6.649
0.18750 4.313 6.901
0.20312 5.210 8.336
0.21875 6.478 10.364
0.23438 6.263 10.020
0.25000 6.850 10.960
0.28125 6.920 11.072
0.31250 8.255 13.208
0.34375 8.700 13.920
0.37500 8.631 13.809
0.40625 8.346 13.353
0.43750 8.576 13.722
0.46875 8.372 13.395
0.50000 8.577 13.723
0.56250 8.578 13.724
0.62500 8.623 13.796
0.68750 8.577 13.724
0.75000 8.612 13.780
0.81250 8.578 13.725
0.87500 8.637 13.819
0.93750 8.636 13.817
1.00000 8.577 13.723
1.12500 8.638 13.821
1.25000 8.576 13.722
1.37500 8.574 13.718
1.50000 8.640 13.825
1.62500 8.586 13.737
1.75000 8.651 13.842
1.87500 8.631 13.809
2.00000 8.654 13.847
2.25000 8.683 13.893
2.50000 8.811 14.097
2.75000 8.799 14.078
3.00000 8.753 14.006
3.25000 8.789 14.062
3.50000 8.749 13.999
3.75000 8.808 14.093
4.00000 8.751 14.002
4.50000 8.811 14.098
5.00000 8.756 14.009
5.50000 8.867 14.186
6.00000 10.224 16.358
6.50000 10.911 17.458
7.00000 15.009 24.014
7.50000 12.991 20.786
8.00000 23.024 36.839
9.00000 21.593 34.550
10.00000 42.143 67.429
11.00000 26.502 42.403
12.00000 44.489 71.182
13.00000 27.112 43.380
14.00000 43.071 68.914
15.00000 27.376 43.802
16.00000 45.156 72.250
18.00000 27.624 44.198
20.00000 43.512 69.620
22.00000 27.640 44.224
24.00000 45.161 72.258
26.00000 27.647 44.235
28.00000 43.360 69.376
30.00000 27.633 44.213
32.00000 45.174 72.278
36.00000 27.598 44.157
40.00000 45.217 72.347
44.00000 27.594 44.150
48.00000 27.597 44.156
52.00000 45.200 72.319
56.00000 43.362 69.379
60.00000 27.601 44.162
64.00000 45.199 72.318
72.00000 27.569 44.110
80.00000 44.986 71.978
88.00000 27.891 44.626
96.00000 42.816 68.506
104.00000 27.577 44.124
112.00000 44.767 71.627
120.00000 28.330 45.327
128.00000 41.891 67.026

