#stride=128
0.00049 1.674 2.846
0.00098 1.690 2.873
0.00195 1.702 2.893
0.00293 1.713 2.911
0.00391 1.726 2.934
0.00586 1.679 2.855
0.00781 1.666 2.833
0.00977 1.666 2.832
0.01172 1.664 2.829
0.01367 1.681 2.858
0.01562 1.691 2.875
0.01758 1.689 2.871
0.01953 1.680 2.857
0.02148 1.681 2.857
0.02344 1.685 2.865
0.02539 1.677 2.851
0.02734 1.690 2.873
0.02930 1.706 2.901
0.03125 1.710 2.907
0.03516 5.025 8.543
0.03906 4.699 7.989
0.04297 4.564 7.759
0.04688 4.771 8.110
0.05078 5.039 8.566
0.05469 5.071 8.621
0.05859 5.062 8.605
0.06250 5.023 8.539
0.07031 4.809 8.175
0.07812 4.798 8.156
0.08594 5.058 8.599
0.09375 5.056 8.595
0.10156 4.984 8.473
0.10938 4.877 8.290
0.11719 5.068 8.615
0.12500 5.077 8.632
0.14062 4.944 8.405
0.15625 5.077 8.631
0.17188 5.012 8.521
0.18750 5.143 8.742
0.20312 5.076 8.630
0.21875 5.093 8.658
0.23438 5.003 8.505
0.25000 5.871 9.981
0.28125 7.634 12.978
0.31250 7.947 13.510
0.34375 8.001 13.601
0.37500 7.923 13.469
0.40625 7.983 13.572
0.43750 7.938 13.495
0.46875 7.941 13.499
0.50000 7.841 13.329
0.56250 7.969 13.548
0.62500 7.933 13.486
0.68750 7.945 13.507
0.75000 7.879 13.395
0.81250 7.907 13.443
0.87500 7.988 13.579
0.93750 7.954 13.522
1.00000 7.958 13.528
1.12500 7.642 12.991
1.25000 7.930 13.481
1.37500 7.885 13.405
1.50000 8.133 13.826
1.62500 8.009 13.616
1.75000 7.871 13.381
1.87500 8.231 13.993
2.00000 8.185 13.914
2.25000 10.376 17.639
2.50000 11.920 20.265
2.75000 13.838 23.525
3.00000 16.064 27.310
3.25000 17.473 29.704
3.50000 18.432 31.335
3.75000 19.855 33.754
4.00000 20.112 34.190
4.50000 21.300 36.210
5.00000 21.024 35.741
5.50000 21.216 36.067
6.00000 21.435 36.440
6.50000 21.239 36.106
7.00000 21.223 36.079
7.50000 21.324 36.252
8.00000 20.796 35.353
9.00000 21.358 36.309
10.00000 21.339 36.276
11.00000 21.589 36.700
12.00000 21.540 36.618
13.00000 21.285 36.185
14.00000 21.246 36.117
15.00000 21.233 36.097
16.00000 21.388 36.360
18.00000 21.279 36.174
20.00000 21.375 36.337
22.00000 21.287 36.188
24.00000 21.339 36.277
26.00000 21.221 36.076
28.00000 21.249 36.123
30.00000 21.354 36.302
32.00000 21.257 36.137
36.00000 21.167 35.984
40.00000 21.171 35.991
44.00000 21.187 36.017
48.00000 21.258 36.138
52.00000 21.204 36.048
56.00000 21.055 35.793
60.00000 21.742 36.962
64.00000 21.180 36.007
72.00000 21.273 36.164
80.00000 21.326 36.254
88.00000 21.505 36.558
96.00000 21.469 36.497
104.00000 21.276 36.169
112.00000 21.225 36.083
120.00000 21.192 36.026
128.00000 21.198 36.036

