16 8.522122e+02
32 1.685452e+03
64 3.383379e+03
128 3.588785e+03
256 3.723239e+03
512 3.772102e+03
1024 2.393657e+03
2048 3.326634e+03
4096 3.557400e+03
8192 3.566917e+03
16384 3.539562e+03
32768 3.304420e+03
65536 3.319502e+03
131072 3.295345e+03
262144 3.275109e+03
524288 3.279809e+03
1048576 3.259320e+03
2097152 2.324343e+03
4194304 1.603742e+03
8388608 1.472844e+03
16777216 1.266391e+03
33554432 1.089510e+03
67108864 1.303834e+03
134217728 1.287947e+03
268435456 1.284799e+03
536870912 1.269681e+03
1073741824 1.283022e+03
2147483648 1.263078e+03
