16 7.155208e+02
32 1.451467e+03
64 2.848665e+03
128 3.098173e+03
256 3.142801e+03
512 3.080280e+03
1024 3.247632e+03
2048 3.230583e+03
4096 2.938835e+03
8192 2.968460e+03
16384 3.041247e+03
32768 2.851542e+03
65536 2.933089e+03
131072 2.978961e+03
262144 2.923799e+03
524288 2.940816e+03
1048576 2.882190e+03
2097152 2.908386e+03
4194304 1.613879e+03
8388608 1.318971e+03
16777216 1.188619e+03
33554432 8.672557e+02
67108864 8.200292e+02
134217728 8.071229e+02
268435456 7.971005e+02
536870912 7.980523e+02
1073741824 7.298802e+02
2147483648 3.700222e+01
4294967296 5.435704e+00
