#stride=128
0.00049 1.115 3.266
0.00098 1.114 3.265
0.00195 1.114 3.265
0.00293 1.115 3.266
0.00391 1.114 3.265
0.00586 1.114 3.265
0.00781 1.114 3.265
0.00977 1.114 3.265
0.01172 1.115 3.267
0.01367 1.114 3.265
0.01562 1.115 3.266
0.01758 1.114 3.265
0.01953 1.114 3.265
0.02148 1.115 3.266
0.02344 1.114 3.265
0.02539 1.115 3.266
0.02734 1.115 3.266
0.02930 1.115 3.266
0.03125 1.115 3.267
0.03516 2.825 8.279
0.03906 2.588 7.584
0.04297 2.535 7.427
0.04688 2.677 7.845
0.05078 2.792 8.180
0.05469 2.792 8.180
0.05859 2.810 8.234
0.06250 2.827 8.282
0.07031 2.697 7.903
0.07812 2.703 7.920
0.08594 2.873 8.417
0.09375 2.839 8.319
0.10156 2.830 8.292
0.10938 2.823 8.271
0.11719 2.885 8.454
0.12500 2.876 8.426
0.14062 2.824 8.274
0.15625 3.999 11.716
0.17188 3.861 11.314
0.18750 4.071 11.927
0.20312 3.982 11.667
0.21875 4.179 12.244
0.23438 4.213 12.343
0.25000 5.170 15.150
0.28125 5.155 15.104
0.31250 5.837 17.104
0.34375 5.859 17.165
0.37500 5.875 17.212
0.40625 5.885 17.244
0.43750 5.867 17.190
0.46875 6.072 17.792
0.50000 6.071 17.788
0.56250 6.068 17.779
0.62500 6.068 17.779
0.68750 6.068 17.780
0.75000 6.068 17.779
0.81250 6.068 17.780
0.87500 6.068 17.779
0.93750 6.068 17.781
1.00000 6.068 17.779
1.12500 6.068 17.780
1.25000 6.068 17.780
1.37500 6.069 17.782
1.50000 6.068 17.779
1.62500 6.068 17.779
1.75000 6.068 17.780
1.87500 6.069 17.783
2.00000 6.070 17.784
2.25000 6.124 17.943
2.50000 6.168 18.074
2.75000 6.168 18.074
3.00000 6.169 18.075
3.25000 6.169 18.074
3.50000 6.709 19.659
3.75000 6.925 20.290
4.00000 7.041 20.629
4.50000 7.010 20.540
5.00000 7.514 22.017
5.50000 7.365 21.580
6.00000 9.468 27.740
6.50000 10.037 29.408
7.00000 11.625 34.062
7.50000 12.105 35.468
8.00000 13.194 38.658
9.00000 14.930 43.746
10.00000 16.977 49.744
11.00000 17.960 52.622
12.00000 18.575 54.425
13.00000 19.195 56.242
14.00000 19.258 56.425
15.00000 19.313 56.586
16.00000 19.353 56.705
18.00000 19.409 56.869
20.00000 19.421 56.903
22.00000 19.419 56.897
24.00000 19.419 56.897
26.00000 19.411 56.874
28.00000 19.409 56.868
30.00000 19.398 56.837
32.00000 19.402 56.849
36.00000 19.392 56.819
40.00000 19.399 56.839
44.00000 19.401 56.845
48.00000 19.430 56.929
52.00000 19.397 56.833
56.00000 19.395 56.828
60.00000 19.415 56.885
64.00000 19.406 56.860
72.00000 19.392 56.818
80.00000 19.405 56.856
88.00000 19.412 56.876
96.00000 19.415 56.885
104.00000 19.390 56.813
112.00000 19.395 56.826
120.00000 19.396 56.829
128.00000 19.384 56.796

