#stride=256
0.00049 1.254 3.675
0.00098 1.254 3.675
0.00195 1.254 3.675
0.00293 1.254 3.676
0.00391 1.255 3.676
0.00586 1.255 3.676
0.00781 1.255 3.677
0.00977 1.254 3.673
0.01172 1.255 3.676
0.01367 1.255 3.676
0.01562 1.255 3.676
0.01758 2.272 6.657
0.01953 2.552 7.476
0.02148 2.086 6.111
0.02344 1.255 3.676
0.02539 2.001 5.863
0.02734 2.585 7.573
0.02930 3.157 9.250
0.03125 3.184 9.328
0.03516 3.204 9.388
0.03906 3.195 9.362
0.04297 3.208 9.398
0.04688 3.135 9.186
0.05078 2.681 7.856
0.05469 2.744 8.039
0.05859 2.777 8.138
0.06250 3.148 9.225
0.07031 3.215 9.419
0.07812 3.239 9.490
0.08594 3.060 8.965
0.09375 3.147 9.220
0.10156 3.229 9.460
0.10938 4.015 11.763
0.11719 4.634 13.578
0.12500 3.186 9.335
0.14062 3.195 9.361
0.15625 10.993 32.210
0.17188 3.195 9.362
0.18750 5.108 14.968
0.20312 12.763 37.395
0.21875 6.981 20.456
0.23438 8.577 25.130
0.25000 10.777 31.577
0.28125 14.634 42.878
0.31250 11.581 33.934
0.34375 15.414 45.163
0.37500 14.151 41.462
0.40625 13.500 39.554
0.43750 13.506 39.572
0.46875 16.489 48.311
0.50000 13.498 39.548
0.56250 15.944 46.716
0.62500 16.481 48.289
0.68750 13.574 39.771
0.75000 13.549 39.698
0.81250 13.645 39.979
0.87500 14.092 41.289
0.93750 20.213 59.224
1.00000 21.393 62.682
1.12500 21.994 64.444
1.25000 28.208 82.650
1.37500 36.597 107.229
1.50000 29.551 86.586
1.62500 24.090 70.585
1.75000 48.171 141.141
1.87500 52.152 152.804
2.00000 62.112 181.989
2.25000 61.916 181.414
2.50000 64.855 190.025
2.75000 68.142 199.657
3.00000 67.770 198.567
3.25000 69.506 203.652
3.50000 78.780 230.826
3.75000 74.295 217.684
4.00000 74.133 217.209
4.50000 74.259 217.578
5.00000 74.023 216.886
5.50000 74.022 216.885
6.00000 74.150 217.259
6.50000 74.324 217.770
7.00000 74.254 217.563
7.50000 74.387 217.953
8.00000 74.258 217.577
9.00000 74.431 218.084
10.00000 79.969 234.309
11.00000 80.058 234.571
12.00000 80.152 234.847
13.00000 75.093 220.022
14.00000 74.940 219.573
15.00000 74.791 219.139
16.00000 78.031 228.632
18.00000 78.312 229.454
20.00000 75.630 221.597
22.00000 79.864 234.002
24.00000 79.499 232.932
26.00000 81.378 238.437
28.00000 79.283 232.298
30.00000 76.021 222.742
32.00000 76.596 224.425
36.00000 82.704 242.321
40.00000 82.292 241.115
44.00000 83.438 244.473
48.00000 82.859 242.778
52.00000 83.808 245.558
56.00000 84.386 247.251
60.00000 83.356 244.232
64.00000 86.131 252.364
72.00000 79.551 233.083
80.00000 78.853 231.040
88.00000 87.939 257.661
96.00000 86.326 252.935
104.00000 72.479 212.363
112.00000 73.766 216.133
120.00000 74.436 218.097
128.00000 73.408 215.085

