#stride=128
0.00049 1.420 3.124
0.00098 1.435 3.156
0.00195 1.431 3.149
0.00293 1.431 3.149
0.00391 1.418 3.119
0.00586 1.431 3.147
0.00781 1.427 3.139
0.00977 1.430 3.146
0.01172 1.433 3.153
0.01367 1.450 3.190
0.01562 1.438 3.164
0.01758 1.417 3.118
0.01953 1.421 3.126
0.02148 1.429 3.143
0.02344 1.412 3.106
0.02539 1.410 3.102
0.02734 1.421 3.127
0.02930 1.399 3.078
0.03125 1.446 3.182
0.03516 7.400 16.280
0.03906 7.189 15.816
0.04297 6.295 13.848
0.04688 7.162 15.756
0.05078 7.283 16.022
0.05469 7.331 16.129
0.05859 7.351 16.172
0.06250 8.253 18.157
0.07031 7.517 16.538
0.07812 7.525 16.555
0.08594 7.228 15.901
0.09375 7.413 16.308
0.10156 7.443 16.374
0.10938 7.385 16.247
0.11719 7.381 16.239
0.12500 7.351 16.171
0.14062 7.329 16.125
0.15625 7.370 16.213
0.17188 7.406 16.294
0.18750 7.318 16.100
0.20312 7.344 16.156
0.21875 7.491 16.479
0.23438 7.429 16.344
0.25000 7.308 16.079
0.28125 7.379 16.235
0.31250 7.363 16.198
0.34375 7.570 16.655
0.37500 7.457 16.406
0.40625 7.319 16.102
0.43750 7.501 16.501
0.46875 7.521 16.545
0.50000 7.612 16.747
0.56250 7.450 16.390
0.62500 11.984 26.365
0.68750 12.042 26.492
0.75000 11.269 24.791
0.81250 11.223 24.690
0.87500 11.565 25.443
0.93750 10.974 24.143
1.00000 10.625 23.376
1.12500 11.483 25.263
1.25000 13.941 30.671
1.37500 24.352 53.575
1.50000 31.184 68.606
1.62500 37.666 82.864
1.75000 40.158 88.348
1.87500 51.867 114.108
2.00000 64.719 142.383
2.25000 69.006 151.814
2.50000 77.745 171.040
2.75000 83.252 183.155
3.00000 88.177 193.989
3.25000 91.666 201.666
3.50000 110.905 243.991
3.75000 91.189 200.617
4.00000 131.206 288.652
4.50000 128.922 283.629
5.00000 86.422 190.128
5.50000 87.719 192.983
6.00000 87.639 192.806
6.50000 86.822 191.007
7.00000 86.370 190.013
7.50000 86.623 190.570
8.00000 86.774 190.903
9.00000 86.904 191.189
10.00000 86.866 191.105
11.00000 86.873 191.121
12.00000 86.157 189.545
13.00000 87.151 191.733
14.00000 114.676 252.287
15.00000 100.389 220.857
16.00000 93.314 205.291
18.00000 86.502 190.305
20.00000 93.915 206.613
22.00000 87.609 192.739
24.00000 86.401 190.082
26.00000 86.640 190.608
28.00000 86.126 189.476
30.00000 86.392 190.063
32.00000 86.067 189.348
36.00000 86.669 190.671
40.00000 86.630 190.585
44.00000 86.548 190.405
48.00000 86.724 190.793
52.00000 86.928 191.242
56.00000 86.247 189.743
60.00000 86.845 191.059
64.00000 86.119 189.462
72.00000 86.067 189.347
80.00000 85.581 188.277
88.00000 86.165 189.563
96.00000 85.853 188.877
104.00000 85.811 188.784
112.00000 86.197 189.634
120.00000 86.240 189.727
128.00000 85.579 188.275

