#stride=256
0.00049 0.717 2.003
0.00098 0.717 2.003
0.00195 0.717 2.002
0.00293 0.717 2.002
0.00391 0.717 2.002
0.00586 0.733 2.047
0.00781 0.745 2.081
0.00977 6.623 18.500
0.01172 6.619 18.490
0.01367 6.623 18.500
0.01562 6.622 18.500
0.01758 6.623 18.500
0.01953 6.623 18.500
0.02148 6.623 18.501
0.02344 6.623 18.500
0.02539 6.583 18.390
0.02734 6.581 18.385
0.02930 6.582 18.386
0.03125 6.582 18.388
0.03516 6.581 18.385
0.03906 6.583 18.389
0.04297 6.582 18.387
0.04688 6.581 18.384
0.05078 6.614 18.477
0.05469 6.618 18.489
0.05859 6.622 18.499
0.06250 6.605 18.451
0.07031 6.587 18.401
0.07812 6.591 18.412
0.08594 6.589 18.408
0.09375 6.579 18.379
0.10156 6.587 18.400
0.10938 6.590 18.409
0.11719 6.589 18.405
0.12500 6.599 18.435
0.14062 6.610 18.465
0.15625 6.617 18.484
0.17188 27.399 76.538
0.18750 27.094 75.685
0.20312 23.655 66.080
0.21875 24.590 68.692
0.23438 6.590 18.409
0.25000 6.608 18.458
0.28125 7.072 19.755
0.31250 18.568 51.868
0.34375 18.798 52.512
0.37500 27.504 76.832
0.40625 28.867 80.640
0.43750 52.257 145.980
0.46875 52.901 147.777
0.50000 66.387 185.450
0.56250 83.319 232.750
0.62500 94.053 262.735
0.68750 99.442 277.789
0.75000 99.558 278.114
0.81250 103.288 288.532
0.87500 105.931 295.915
0.93750 106.097 296.379
1.00000 105.584 294.946
1.12500 110.669 309.150
1.25000 110.565 308.862
1.37500 112.304 313.719
1.50000 111.296 310.904
1.62500 111.010 310.104
1.75000 110.544 308.803
1.87500 110.205 307.855
2.00000 111.157 310.515
2.25000 111.785 312.270
2.50000 111.291 310.889
2.75000 111.769 312.224
3.00000 111.576 311.686
3.25000 111.954 312.741
3.50000 111.651 311.896
3.75000 112.217 313.476
4.00000 111.963 312.765
4.50000 111.820 312.366
5.00000 111.931 312.676
5.50000 111.088 310.323
6.00000 111.649 311.890
6.50000 111.189 310.605
7.00000 111.925 312.661
7.50000 111.519 311.527
8.00000 111.802 312.317
9.00000 111.128 310.434
10.00000 111.509 311.498
11.00000 111.177 310.572
12.00000 111.664 311.930
13.00000 111.585 311.710
14.00000 112.318 313.758
15.00000 112.675 314.756
16.00000 113.844 318.020
18.00000 111.273 310.838
20.00000 125.254 349.894
22.00000 111.363 311.089
24.00000 111.181 310.582
26.00000 111.196 310.623
28.00000 110.799 309.514
30.00000 110.611 308.991
32.00000 110.803 309.526
36.00000 110.658 309.120
40.00000 110.848 309.652
44.00000 110.576 308.891
48.00000 110.063 307.459
52.00000 110.440 308.513
56.00000 110.150 307.703
60.00000 110.516 308.723
64.00000 110.279 308.063
72.00000 110.180 307.785
80.00000 110.210 307.868
88.00000 109.745 306.570
96.00000 109.570 306.082
104.00000 108.986 304.450
112.00000 108.212 302.287
120.00000 107.857 301.296
128.00000 108.403 302.820

