#stride=64
0.00049 1.499 2.998
0.00098 1.497 2.993
0.00195 1.499 2.998
0.00293 1.497 2.994
0.00391 1.498 2.997
0.00586 1.498 2.997
0.00781 1.497 2.994
0.00977 1.499 2.998
0.01172 1.502 3.004
0.01367 1.499 2.998
0.01562 1.498 2.997
0.01758 1.498 2.997
0.01953 1.497 2.994
0.02148 1.498 2.997
0.02344 1.501 3.002
0.02539 1.498 2.997
0.02734 1.498 2.997
0.02930 1.498 2.997
0.03125 1.501 3.003
0.03516 1.502 3.004
0.03906 1.499 2.999
0.04297 1.502 3.005
0.04688 1.499 2.997
0.05078 1.498 2.995
0.05469 1.498 2.996
0.05859 1.504 3.008
0.06250 1.502 3.004
0.07031 3.850 7.700
0.07812 5.722 11.445
0.08594 7.268 14.536
0.09375 8.543 17.085
0.10156 8.556 17.111
0.10938 8.542 17.083
0.11719 8.555 17.110
0.12500 8.541 17.082
0.14062 8.523 17.046
0.15625 8.510 17.020
0.17188 8.523 17.046
0.18750 8.510 17.020
0.20312 8.523 17.046
0.21875 8.509 17.018
0.23438 8.523 17.046
0.25000 8.509 17.018
0.28125 8.523 17.046
0.31250 8.509 17.018
0.34375 8.522 17.044
0.37500 8.509 17.018
0.40625 8.522 17.044
0.43750 8.508 17.017
0.46875 8.522 17.044
0.50000 8.508 17.016
0.56250 8.522 17.045
0.62500 10.555 21.110
0.68750 12.929 25.858
0.75000 13.518 27.036
0.81250 12.590 25.180
0.87500 13.634 27.268
0.93750 13.999 27.998
1.00000 16.219 32.437
1.12500 17.065 34.129
1.25000 31.567 63.134
1.37500 35.521 71.042
1.50000 38.636 77.272
1.62500 39.082 78.163
1.75000 39.048 78.095
1.87500 27.130 54.260
2.00000 27.014 54.029
2.25000 27.218 54.436
2.50000 27.135 54.269
2.75000 27.281 54.561
3.00000 27.179 54.358
3.25000 27.305 54.609
3.50000 39.324 78.647
3.75000 27.367 54.734
4.00000 27.226 54.453
4.50000 27.331 54.662
5.00000 27.221 54.442
5.50000 27.296 54.592
6.00000 39.364 78.729
6.50000 27.256 54.512
7.00000 39.402 78.804
7.50000 39.463 78.927
8.00000 39.384 78.768
9.00000 27.381 54.761
10.00000 27.251 54.502
11.00000 27.370 54.739
12.00000 27.259 54.519
13.00000 39.399 78.797
14.00000 27.255 54.510
15.00000 39.390 78.781
16.00000 39.443 78.886
18.00000 39.370 78.740
20.00000 39.453 78.907
22.00000 39.374 78.749
24.00000 39.450 78.901
26.00000 39.384 78.768
28.00000 39.457 78.913
30.00000 39.387 78.773
32.00000 39.442 78.885
36.00000 39.387 78.774
40.00000 39.435 78.871
44.00000 39.374 78.748
48.00000 39.358 78.716
52.00000 39.421 78.842
56.00000 27.251 54.501
60.00000 27.231 54.462
64.00000 27.233 54.466
72.00000 39.413 78.826
80.00000 27.233 54.466
88.00000 27.339 54.678
96.00000 39.410 78.819
104.00000 27.216 54.432
112.00000 27.351 54.703
120.00000 27.212 54.423
128.00000 27.343 54.685

