#stride=64
0.00049 1.816 1.816
0.00098 1.815 1.815
0.00195 1.814 1.814
0.00293 1.816 1.816
0.00391 1.816 1.816
0.00586 1.815 1.815
0.00781 1.808 1.808
0.00977 1.808 1.808
0.01172 1.808 1.808
0.01367 1.808 1.808
0.01562 1.808 1.808
0.01758 1.808 1.808
0.01953 1.808 1.808
0.02148 1.808 1.808
0.02344 1.808 1.808
0.02539 1.808 1.808
0.02734 1.808 1.808
0.02930 1.809 1.809
0.03125 1.816 1.816
0.03516 8.477 8.477
0.03906 8.474 8.474
0.04297 8.475 8.475
0.04688 8.448 8.448
0.05078 8.448 8.448
0.05469 8.447 8.447
0.05859 8.448 8.448
0.06250 8.462 8.462
0.07031 8.474 8.474
0.07812 8.494 8.494
0.08594 8.472 8.472
0.09375 8.467 8.467
0.10156 8.466 8.466
0.10938 8.466 8.466
0.11719 8.495 8.495
0.12500 8.543 8.543
0.14062 8.641 8.641
0.15625 8.595 8.595
0.17188 8.852 8.852
0.18750 8.795 8.795
0.20312 8.472 8.472
0.21875 8.467 8.467
0.23438 8.502 8.502
0.25000 8.470 8.470
0.28125 8.468 8.468
0.31250 8.476 8.476
0.34375 8.472 8.472
0.37500 8.471 8.471
0.40625 8.510 8.510
0.43750 8.513 8.513
0.46875 8.511 8.511
0.50000 8.517 8.517
0.56250 8.495 8.495
0.62500 8.530 8.530
0.68750 8.542 8.542
0.75000 8.552 8.552
0.81250 8.619 8.619
0.87500 8.625 8.625
0.93750 8.969 8.969
1.00000 9.300 9.300
1.12500 9.558 9.558
1.25000 10.161 10.161
1.37500 10.757 10.757
1.50000 11.310 11.310
1.62500 11.860 11.860
1.75000 12.648 12.648
1.87500 13.597 13.597
2.00000 14.625 14.625
2.25000 15.257 15.257
2.50000 16.794 16.794
2.75000 17.220 17.220
3.00000 17.530 17.530
3.25000 17.406 17.406
3.50000 17.787 17.787
3.75000 17.733 17.733
4.00000 17.580 17.580
4.50000 17.606 17.606
5.00000 17.769 17.769
5.50000 17.764 17.764
6.00000 17.817 17.817
6.50000 17.780 17.780
7.00000 17.727 17.727
7.50000 17.714 17.714
8.00000 17.715 17.715
9.00000 17.711 17.711
10.00000 17.731 17.731
11.00000 17.784 17.784
12.00000 17.792 17.792
13.00000 17.742 17.742
14.00000 17.767 17.767
15.00000 17.726 17.726
16.00000 17.715 17.715
18.00000 17.796 17.796
20.00000 17.729 17.729
22.00000 17.758 17.758
24.00000 17.850 17.850
26.00000 17.766 17.766
28.00000 18.028 18.028
30.00000 17.792 17.792
32.00000 17.773 17.773
36.00000 17.764 17.764
40.00000 17.748 17.748
44.00000 17.767 17.767
48.00000 17.722 17.722
52.00000 17.730 17.730
56.00000 17.749 17.749
60.00000 17.714 17.714
64.00000 17.720 17.720
72.00000 17.717 17.717
80.00000 17.744 17.744
88.00000 17.679 17.679
96.00000 17.680 17.680
104.00000 17.620 17.620
112.00000 17.698 17.698
120.00000 17.761 17.761
128.00000 17.764 17.764

