16 5.231750e+03
32 1.042855e+04
64 8.703930e+03
128 8.725290e+03
256 8.827586e+03
512 9.109024e+03
1024 1.209830e+04
2048 1.244652e+04
4096 1.267327e+04
8192 1.345386e+04
16384 1.355071e+04
32768 1.359388e+04
65536 1.361992e+04
131072 1.274646e+04
262144 9.532321e+03
524288 1.049008e+04
1048576 1.048665e+04
2097152 1.006606e+04
4194304 5.731172e+03
8388608 3.641122e+03
16777216 3.474484e+03
33554432 3.303908e+03
67108864 2.876017e+03
134217728 2.822056e+03
268435456 2.789947e+03
536870912 2.709884e+03
1073741824 2.743822e+03
2147483648 2.742569e+03
4294967296 2.737642e+03
8589934592 4.237893e+02
