1 1 2.868582
2 1 2.870502
3 1 2.869179
4 1 2.869380
5 1 2.868061
6 1 2.867255
7 1 2.866350
8 1 2.867995
9 1 2.868629
10 1 2.867763
11 1 2.866377
12 1 2.867692
13 1 2.866056
14 1 2.866596
15 1 2.867693
16 1 2.867271
17 1 2.866541
18 1 2.867623
19 1 2.868169
20 1 2.869608
21 1 2.869048
22 1 2.868992
23 1 2.869076
24 1 2.866350
25 1 2.866589
26 1 2.871231
27 1 2.867467
28 1 2.864758
29 1 2.872171
30 1 2.866962
31 1 2.868698
32 1 2.867696
33 1 2.867733
34 1 2.866783
35 1 2.866193
36 1 2.868295
 
1 2 2.961488
2 2 2.968362
3 2 2.967036
4 2 2.965257
5 2 2.965275
6 2 2.965871
7 2 2.963842
8 2 2.965104
9 2 2.965492
10 2 2.965315
11 2 2.963429
12 2 2.963801
13 2 2.961122
14 2 2.961976
15 2 2.963565
16 2 2.960404
17 2 2.962705
18 2 2.961746
19 2 2.963216
20 2 2.961616
21 2 2.963944
22 2 2.964367
23 2 2.961995
24 2 2.963225
25 2 2.961052
26 2 2.961493
27 2 2.964207
28 2 2.962051
29 2 2.962226
30 2 2.961260
31 2 2.960042
32 2 2.961356
33 2 2.961242
34 2 2.963069
35 2 2.962050
36 2 2.867425
 
1 3 2.868002
2 3 2.869018
3 3 2.869922
4 3 2.868823
5 3 2.869828
6 3 2.870290
7 3 2.870766
8 3 2.867530
9 3 2.865931
10 3 2.867923
11 3 2.868976
12 3 2.867820
13 3 2.867421
14 3 2.870630
15 3 2.868532
16 3 2.870132
17 3 2.869888
18 3 2.867677
19 3 2.868491
20 3 2.867957
21 3 2.867566
22 3 2.867589
23 3 2.866227
24 3 2.867360
25 3 2.866736
26 3 2.868027
27 3 2.868147
28 3 2.867615
29 3 2.867991
30 3 2.866198
31 3 2.869415
32 3 2.870297
33 3 2.865958
34 3 2.867974
35 3 2.868437
36 3 2.866894
 
1 4 3.215189
2 4 3.148513
3 4 3.125500
4 4 3.124228
5 4 3.116992
6 4 3.110373
7 4 3.113736
8 4 3.112957
9 4 3.103926
10 4 3.106280
11 4 3.105989
12 4 3.101219
13 4 3.101401
14 4 3.102166
15 4 3.103392
16 4 3.101841
17 4 3.098857
18 4 3.097021
19 4 3.094349
20 4 3.097517
21 4 3.096510
22 4 3.095485
23 4 3.096147
24 4 3.095792
25 4 3.094896
26 4 3.095370
27 4 3.096237
28 4 3.094157
29 4 3.094733
30 4 3.094011
31 4 3.094591
32 4 3.095575
33 4 3.093628
34 4 3.094207
35 4 3.091686
36 4 2.867077
 
1 5 3.330795
2 5 3.262076
3 5 3.240652
4 5 3.231079
5 5 3.228475
6 5 3.223120
7 5 3.223488
8 5 3.218268
9 5 3.217152
10 5 3.214175
11 5 3.215287
12 5 3.211908
13 5 3.207660
14 5 3.209856
15 5 3.210108
16 5 3.209177
17 5 3.208643
18 5 3.208460
19 5 3.207212
20 5 3.203581
21 5 3.205677
22 5 3.205965
23 5 3.206517
24 5 3.204685
25 5 3.201495
26 5 3.204047
27 5 3.204009
28 5 3.205416
29 5 3.202351
30 5 3.202141
31 5 3.202891
32 5 3.199944
33 5 3.201931
34 5 3.202743
35 5 3.204924
36 5 2.866135
 
1 6 2.966661
2 6 2.911972
3 6 2.890723
4 6 2.895335
5 6 2.896694
6 6 2.892456
7 6 2.892830
8 6 2.887881
9 6 2.882000
10 6 2.883187
11 6 2.882026
12 6 2.880541
13 6 2.878624
14 6 2.880498
15 6 2.878224
16 6 2.878710
17 6 2.875043
18 6 2.875326
19 6 2.875567
20 6 2.875107
21 6 2.873216
22 6 2.874400
23 6 2.877340
24 6 2.876291
25 6 2.874649
26 6 2.875936
27 6 2.878083
28 6 2.876399
29 6 2.876238
30 6 2.877742
31 6 2.876590
32 6 2.875430
33 6 2.874772
34 6 2.875001
35 6 2.875489
36 6 2.866826
 
1 7 3.086808
2 7 3.034416
3 7 3.023219
4 7 3.025170
5 7 3.026106
6 7 3.020352
7 7 3.021127
8 7 3.019013
9 7 3.011415
10 7 3.015025
11 7 3.016169
12 7 3.007957
13 7 3.009012
14 7 3.009525
15 7 3.007469
16 7 3.008293
17 7 3.008782
18 7 3.001245
19 7 3.002839
20 7 3.005651
21 7 3.002350
22 7 3.003408
23 7 3.005833
24 7 3.004128
25 7 3.004618
26 7 3.005905
27 7 3.008196
28 7 3.007241
29 7 3.003581
30 7 3.003694
31 7 3.004755
32 7 3.004837
33 7 3.003561
34 7 3.003531
35 7 3.003768
36 7 2.868273
 
1 8 3.217657
2 8 3.141845
3 8 3.132479
4 8 3.131717
5 8 3.125510
6 8 3.117200
7 8 3.119996
8 8 3.118521
9 8 3.109668
10 8 3.114627
11 8 3.111128
12 8 3.108881
13 8 3.107617
14 8 3.108781
15 8 3.110348
16 8 3.106187
17 8 3.106053
18 8 3.103374
19 8 3.100536
20 8 3.102836
21 8 3.101968
22 8 3.102204
23 8 3.100039
24 8 3.104776
25 8 3.103384
26 8 3.101945
27 8 3.102263
28 8 3.102411
29 8 3.101992
30 8 3.104631
31 8 3.101774
32 8 3.100853
33 8 3.099867
34 8 3.099054
35 8 3.098433
36 8 2.867441
 
1 9 2.969358
2 9 2.914928
3 9 2.895671
4 9 2.900474
5 9 2.901264
6 9 2.896513
7 9 2.896243
8 9 2.892622
9 9 2.886412
10 9 2.887121
11 9 2.885425
12 9 2.883825
13 9 2.882217
14 9 2.883859
15 9 2.882333
16 9 2.882614
17 9 2.880434
18 9 2.874675
19 9 2.875017
20 9 2.875100
21 9 2.875623
22 9 2.877865
23 9 2.878782
24 9 2.878156
25 9 2.874229
26 9 2.876811
27 9 2.878680
28 9 2.881230
29 9 2.879629
30 9 2.880290
31 9 2.877714
32 9 2.878522
33 9 2.877940
34 9 2.877144
35 9 2.878163
36 9 2.866810
 
1 10 3.118194
2 10 3.035764
3 10 3.016498
4 10 3.013995
5 10 3.009889
6 10 3.009139
7 10 3.007950
8 10 3.004301
9 10 2.997499
10 10 3.000704
11 10 3.000541
12 10 2.994644
13 10 2.995549
14 10 2.992817
15 10 2.996437
16 10 2.993812
17 10 2.990770
18 10 2.986835
19 10 2.986037
20 10 2.988058
21 10 2.987206
22 10 2.987631
23 10 2.987985
24 10 2.988347
25 10 2.987971
26 10 2.987472
27 10 2.986772
28 10 2.990548
29 10 2.988881
30 10 2.988973
31 10 2.989804
32 10 2.985277
33 10 2.985583
34 10 2.987174
35 10 2.983355
36 10 2.866485
 
1 11 3.089184
2 11 3.034742
3 11 3.017301
4 11 3.011855
5 11 3.011191
6 11 3.009858
7 11 3.009043
8 11 3.007805
9 11 3.003558
10 11 3.003176
11 11 3.001912
12 11 2.998210
13 11 2.996719
14 11 2.997926
15 11 2.995041
16 11 2.997057
17 11 2.993501
18 11 2.989229
19 11 2.988899
20 11 2.988033
21 11 2.990184
22 11 2.989750
23 11 2.989326
24 11 2.991400
25 11 2.991765
26 11 2.991043
27 11 2.990450
28 11 2.990254
29 11 2.991788
30 11 2.991906
31 11 2.990272
32 11 2.990463
33 11 2.989375
34 11 2.991731
35 11 2.988555
36 11 2.864518
 
1 12 2.973738
2 12 2.921928
3 12 2.899908
4 12 2.898530
5 12 2.898784
6 12 2.900071
7 12 2.898106
8 12 2.896158
9 12 2.887474
10 12 2.891177
11 12 2.889171
12 12 2.885077
13 12 2.883005
14 12 2.885415
15 12 2.884175
16 12 2.881309
17 12 2.878688
18 12 2.874490
19 12 2.876501
20 12 2.875671
21 12 2.876195
22 12 2.879126
23 12 2.877732
24 12 2.879084
25 12 2.878033
26 12 2.879788
27 12 2.877810
28 12 2.880271
29 12 2.881664
30 12 2.879326
31 12 2.879225
32 12 2.878862
33 12 2.876165
34 12 2.877679
35 12 2.878431
36 12 2.866698
 
1 13 3.064905
2 13 2.972835
3 13 2.959709
4 13 2.951124
5 13 2.957584
6 13 2.954958
7 13 2.954728
8 13 2.950885
9 13 2.948743
10 13 2.949911
11 13 2.944373
12 13 2.942051
13 13 2.940571
14 13 2.940666
15 13 2.940213
16 13 2.937452
17 13 2.935559
18 13 2.928858
19 13 2.929349
20 13 2.929520
21 13 2.931392
22 13 2.932201
23 13 2.931511
24 13 2.932519
25 13 2.931022
26 13 2.933469
27 13 2.933803
28 13 2.934064
29 13 2.934729
30 13 2.935301
31 13 2.934686
32 13 2.933202
33 13 2.933959
34 13 2.932881
35 13 2.934517
36 13 2.866523
 
1 14 3.092000
2 14 3.045741
3 14 3.024178
4 14 3.017342
5 14 3.020210
6 14 3.022086
7 14 3.018150
8 14 3.017139
9 14 3.013038
10 14 3.013248
11 14 3.012667
12 14 3.005061
13 14 3.001880
14 14 3.006045
15 14 3.001933
16 14 3.001121
17 14 3.001153
18 14 2.993241
19 14 2.994392
20 14 2.995462
21 14 2.993960
22 14 2.994634
23 14 2.996613
24 14 2.999041
25 14 2.997202
26 14 3.001244
27 14 2.999631
28 14 2.998158
29 14 2.998147
30 14 2.996440
31 14 2.998958
32 14 2.995556
33 14 2.996290
34 14 2.997668
35 14 2.995995
36 14 2.867333
 
1 15 2.965229
2 15 2.919860
3 15 2.901510
4 15 2.900134
5 15 2.902154
6 15 2.903268
7 15 2.901648
8 15 2.899695
9 15 2.893035
10 15 2.892906
11 15 2.891215
12 15 2.887671
13 15 2.885310
14 15 2.888771
15 15 2.883016
16 15 2.883400
17 15 2.882631
18 15 2.877957
19 15 2.879774
20 15 2.878661
21 15 2.876070
22 15 2.881371
23 15 2.877871
24 15 2.879620
25 15 2.876617
26 15 2.879511
27 15 2.879218
28 15 2.881651
29 15 2.880792
30 15 2.879944
31 15 2.878007
32 15 2.877342
33 15 2.876688
34 15 2.878320
35 15 2.878564
36 15 2.867231
 
1 16 3.072173
2 16 2.975424
3 16 2.962123
4 16 2.958114
5 16 2.961732
6 16 2.960386
7 16 2.958959
8 16 2.956698
9 16 2.948606
10 16 2.949893
11 16 2.948220
12 16 2.939763
13 16 2.941332
14 16 2.940466
15 16 2.940626
16 16 2.938620
17 16 2.936588
18 16 2.932906
19 16 2.935233
20 16 2.935647
21 16 2.934941
22 16 2.934003
23 16 2.934879
24 16 2.935554
25 16 2.934941
26 16 2.933218
27 16 2.937286
28 16 2.938946
29 16 2.938107
30 16 2.937611
31 16 2.937483
32 16 2.934086
33 16 2.935472
34 16 2.933815
35 16 2.933835
36 16 2.866389
 
1 17 3.115741
2 17 3.028751
3 17 3.012467
4 17 3.011574
5 17 3.018305
6 17 3.013862
7 17 3.012552
8 17 3.006088
9 17 3.001553
10 17 3.002041
11 17 3.000527
12 17 2.993982
13 17 2.994322
14 17 2.995114
15 17 2.994773
16 17 2.992218
17 17 2.990595
18 17 2.985727
19 17 2.985752
20 17 2.987748
21 17 2.986286
22 17 2.986968
23 17 2.987609
24 17 2.988390
25 17 2.986281
26 17 2.988012
27 17 2.990388
28 17 2.985869
29 17 2.990673
30 17 2.990036
31 17 2.987410
32 17 2.986251
33 17 2.987178
34 17 2.988306
35 17 2.986274
36 17 2.862169
 
1 18 2.955377
2 18 2.915515
3 18 2.896605
4 18 2.901806
5 18 2.905759
6 18 2.905280
7 18 2.902281
8 18 2.896939
9 18 2.888494
10 18 2.891976
11 18 2.887473
12 18 2.882465
13 18 2.881876
14 18 2.882272
15 18 2.881620
16 18 2.879442
17 18 2.877267
18 18 2.877117
19 18 2.873919
20 18 2.876006
21 18 2.873702
22 18 2.874775
23 18 2.878765
24 18 2.877017
25 18 2.875342
26 18 2.877047
27 18 2.877320
28 18 2.880321
29 18 2.878265
30 18 2.879310
31 18 2.876973
32 18 2.876393
33 18 2.877292
34 18 2.875622
35 18 2.875423
36 18 2.864018
 
1 19 3.060119
2 19 2.970446
3 19 2.954475
4 19 2.956142
5 19 2.965270
6 19 2.961232
7 19 2.957792
8 19 2.949899
9 19 2.944246
10 19 2.943792
11 19 2.942039
12 19 2.935712
13 19 2.936224
14 19 2.935031
15 19 2.936155
16 19 2.936183
17 19 2.931586
18 19 2.928036
19 19 2.927154
20 19 2.928644
21 19 2.927280
22 19 2.931148
23 19 2.930877
24 19 2.931814
25 19 2.929193
26 19 2.931130
27 19 2.931567
28 19 2.931264
29 19 2.931523
30 19 2.932717
31 19 2.931475
32 19 2.928856
33 19 2.929760
34 19 2.929374
35 19 2.930390
36 19 2.866316
 
1 20 3.112992
2 20 3.029861
3 20 3.015004
4 20 3.016394
5 20 3.025370
6 20 3.014846
7 20 3.013707
8 20 3.009704
9 20 3.003494
10 20 3.004869
11 20 3.000540
12 20 2.997539
13 20 2.992276
14 20 2.993964
15 20 2.992562
16 20 2.989563
17 20 2.987337
18 20 2.987398
19 20 2.987873
20 20 2.987814
21 20 2.986217
22 20 2.984198
23 20 2.986759
24 20 2.984176
25 20 2.987597
26 20 2.985271
27 20 2.988028
28 20 2.992280
29 20 2.990311
30 20 2.990626
31 20 2.990034
32 20 2.985972
33 20 2.983959
34 20 2.984748
35 20 2.986206
36 20 2.866115
 
1 21 2.949309
2 21 2.918478
3 21 2.902015
4 21 2.909293
5 21 2.914084
6 21 2.908131
7 21 2.905443
8 21 2.900057
9 21 2.893264
10 21 2.892224
11 21 2.889507
12 21 2.882868
13 21 2.883009
14 21 2.885676
15 21 2.881877
16 21 2.879729
17 21 2.878195
18 21 2.874446
19 21 2.878118
20 21 2.876610
21 21 2.874548
22 21 2.876479
23 21 2.876852
24 21 2.879012
25 21 2.877057
26 21 2.877887
27 21 2.878042
28 21 2.878529
29 21 2.876520
30 21 2.879100
31 21 2.878065
32 21 2.877720
33 21 2.876799
34 21 2.875884
35 21 2.874785
36 21 2.867304
 
1 22 3.007680
2 22 2.972176
3 22 2.959421
4 22 2.963068
5 22 2.973409
6 22 2.963199
7 22 2.957778
8 22 2.952715
9 22 2.945229
10 22 2.944145
11 22 2.945115
12 22 2.935744
13 22 2.936475
14 22 2.939501
15 22 2.937817
16 22 2.934605
17 22 2.931259
18 22 2.928825
19 22 2.928921
20 22 2.929176
21 22 2.929233
22 22 2.929773
23 22 2.930336
24 22 2.931280
25 22 2.930554
26 22 2.932000
27 22 2.932917
28 22 2.932499
29 22 2.932542
30 22 2.935001
31 22 2.931637
32 22 2.932332
33 22 2.931052
34 22 2.929937
35 22 2.929678
36 22 2.866074
 
1 23 3.010703
2 23 2.974687
3 23 2.960365
4 23 2.965938
5 23 2.968900
6 23 2.963411
7 23 2.959141
8 23 2.951143
9 23 2.948958
10 23 2.943241
11 23 2.944735
12 23 2.937102
13 23 2.938851
14 23 2.939556
15 23 2.936893
16 23 2.933274
17 23 2.932890
18 23 2.929722
19 23 2.929472
20 23 2.929492
21 23 2.928538
22 23 2.931049
23 23 2.930668
24 23 2.931422
25 23 2.929001
26 23 2.929542
27 23 2.932103
28 23 2.934531
29 23 2.935037
30 23 2.932376
31 23 2.932203
32 23 2.931658
33 23 2.930692
34 23 2.928186
35 23 2.929066
36 23 2.865302
 
1 24 2.950047
2 24 2.915449
3 24 2.903736
4 24 2.907724
5 24 2.910764
6 24 2.904775
7 24 2.905191
8 24 2.897554
9 24 2.890111
10 24 2.891180
11 24 2.887651
12 24 2.881013
13 24 2.881958
14 24 2.882811
15 24 2.881269
16 24 2.878109
17 24 2.875763
18 24 2.873640
19 24 2.875007
20 24 2.873920
21 24 2.871537
22 24 2.874272
23 24 2.876709
24 24 2.876625
25 24 2.872875
26 24 2.874741
27 24 2.876647
28 24 2.880667
29 24 2.878965
30 24 2.878261
31 24 2.877041
32 24 2.876051
33 24 2.875016
34 24 2.874403
35 24 2.875369
36 24 2.865961
 
1 25 3.006354
2 25 2.974706
3 25 2.963824
4 25 2.962548
5 25 2.969464
6 25 2.960546
7 25 2.959917
8 25 2.950261
9 25 2.946879
10 25 2.944201
11 25 2.941777
12 25 2.934580
13 25 2.935444
14 25 2.934524
15 25 2.936688
16 25 2.930937
17 25 2.930646
18 25 2.927243
19 25 2.929340
20 25 2.928480
21 25 2.927939
22 25 2.927958
23 25 2.931122
24 25 2.931749
25 25 2.930434
26 25 2.932623
27 25 2.934578
28 25 2.930819
29 25 2.928877
30 25 2.931782
31 25 2.931407
32 25 2.929999
33 25 2.930910
34 25 2.931598
35 25 2.929238
36 25 2.866611
 
1 26 3.011490
2 26 2.974831
3 26 2.966564
4 26 2.966518
5 26 2.967150
6 26 2.963065
7 26 2.961335
8 26 2.955687
9 26 2.946137
10 26 2.948045
11 26 2.945138
12 26 2.940453
13 26 2.937949
14 26 2.937393
15 26 2.939101
16 26 2.934950
17 26 2.934293
18 26 2.932371
19 26 2.933098
20 26 2.932153
21 26 2.932278
22 26 2.932781
23 26 2.931200
24 26 2.932935
25 26 2.932832
26 26 2.932768
27 26 2.934370
28 26 2.935748
29 26 2.934204
30 26 2.936699
31 26 2.937314
32 26 2.931556
33 26 2.933059
34 26 2.932026
35 26 2.930182
36 26 2.866278
 
1 27 2.949381
2 27 2.915534
3 27 2.906724
4 27 2.906768
5 27 2.908929
6 27 2.903964
7 27 2.901079
8 27 2.896007
9 27 2.890472
10 27 2.888783
11 27 2.886588
12 27 2.879263
13 27 2.880645
14 27 2.880431
15 27 2.878824
16 27 2.876035
17 27 2.875288
18 27 2.872114
19 27 2.873051
20 27 2.871760
21 27 2.873728
22 27 2.876428
23 27 2.874577
24 27 2.875161
25 27 2.874251
26 27 2.877031
27 27 2.875919
28 27 2.878491
29 27 2.877715
30 27 2.877109
31 27 2.877865
32 27 2.876995
33 27 2.874550
34 27 2.876402
35 27 2.876133
36 27 2.865824
 
1 28 3.008865
2 28 2.973093
3 28 2.966848
4 28 2.962737
5 28 2.971068
6 28 2.959053
7 28 2.958510
8 28 2.955074
9 28 2.947137
10 28 2.941839
11 28 2.939925
12 28 2.936552
13 28 2.934052
14 28 2.938941
15 28 2.935814
16 28 2.932021
17 28 2.931560
18 28 2.929154
19 28 2.930078
20 28 2.932014
21 28 2.928715
22 28 2.931573
23 28 2.933769
24 28 2.932883
25 28 2.931308
26 28 2.934807
27 28 2.935579
28 28 2.932455
29 28 2.932600
30 28 2.933357
31 28 2.933237
32 28 2.932466
33 28 2.929583
34 28 2.934350
35 28 2.931914
36 28 2.867694
 
