0 0 2.110923
0 4 2.544596
0 8 1.779810
0 12 1.748458
0 16 1.894296
0 20 2.018276
0 24 1.946133
0 28 1.968607
0 32 1.974620
0 36 1.987041
0 40 1.987656
0 44 1.995078
0 48 2.003550
0 52 2.017496
0 56 2.019179
0 60 2.020231
0 64 2.025446
0 68 2.025297
0 72 2.032498
0 76 2.032182
0 80 2.033145
0 84 2.040183
0 88 2.041670
0 92 2.041110
0 96 2.044084
0 100 1.941526
0 104 2.059194
0 108 2.064031
0 112 2.069073
0 116 2.072134
0 120 2.077403
 
4 0 2.111011
4 4 2.545151
4 8 1.779089
4 12 1.748436
4 16 1.894239
4 20 2.018323
4 24 1.946070
4 28 1.968547
4 32 1.974226
4 36 1.987028
4 40 1.987584
4 44 1.995211
4 48 2.003522
4 52 2.017606
4 56 2.019167
4 60 2.020251
4 64 2.025383
4 68 2.025358
4 72 2.032612
4 76 2.032113
4 80 2.033061
4 84 2.040013
4 88 2.041763
4 92 2.041184
4 96 2.044149
4 100 1.941502
4 104 2.059207
4 108 2.064126
4 112 2.069087
4 116 2.072184
4 120 2.077419
 
8 0 2.110854
8 4 2.545229
8 8 1.779334
8 12 1.748407
8 16 1.894271
8 20 2.018544
8 24 1.946043
8 28 1.968655
8 32 1.974285
8 36 1.987096
8 40 1.987627
8 44 1.995206
8 48 2.003411
8 52 2.017525
8 56 2.019269
8 60 2.020311
8 64 2.025371
8 68 2.025304
8 72 2.032478
8 76 2.032244
8 80 2.033151
8 84 2.040051
8 88 2.041672
8 92 2.041696
8 96 2.044099
8 100 1.941384
8 104 2.059393
8 108 2.064103
8 112 2.069169
8 116 2.072211
8 120 2.077415
 
12 0 2.110869
12 4 2.544679
12 8 1.779209
12 12 1.748485
12 16 1.894388
12 20 2.018384
12 24 1.946083
12 28 1.968547
12 32 1.974269
12 36 1.987130
12 40 1.987660
12 44 1.995154
12 48 2.003419
12 52 2.017413
12 56 2.019281
12 60 2.020263
12 64 2.025258
12 68 2.025379
12 72 2.032483
12 76 2.032081
12 80 2.033146
12 84 2.040038
12 88 2.041903
12 92 2.041064
12 96 2.044080
12 100 1.941523
12 104 2.059212
12 108 2.063994
12 112 2.069196
12 116 2.072250
12 120 2.077327
 
16 0 2.110806
16 4 2.545251
16 8 1.779298
16 12 1.748553
16 16 1.894360
16 20 2.018540
16 24 1.946128
16 28 1.968561
16 32 1.974287
16 36 1.987057
16 40 1.987658
16 44 1.995081
16 48 2.003498
16 52 2.017507
16 56 2.019207
16 60 2.020312
16 64 2.025449
16 68 2.025281
16 72 2.032593
16 76 2.032054
16 80 2.033146
16 84 2.040050
16 88 2.041713
16 92 2.041368
16 96 2.044054
16 100 1.941369
16 104 2.059170
16 108 2.064111
16 112 2.069232
16 116 2.072171
16 120 2.077419
 
20 0 2.110737
20 4 2.544962
20 8 1.779039
20 12 1.748427
20 16 1.894338
20 20 2.018578
20 24 1.945979
20 28 1.968937
20 32 1.974306
20 36 1.987036
20 40 1.987588
20 44 1.995063
20 48 2.003439
20 52 2.017563
20 56 2.019256
20 60 2.020237
20 64 2.025338
20 68 2.025297
20 72 2.032531
20 76 2.032098
20 80 2.033069
20 84 2.040013
20 88 2.041810
20 92 2.041214
20 96 2.044006
20 100 1.941398
20 104 2.059154
20 108 2.064013
20 112 2.068997
20 116 2.072144
20 120 2.077667
 
24 0 2.111089
24 4 2.544598
24 8 1.779003
24 12 1.748474
24 16 1.894341
24 20 2.018574
24 24 1.946045
24 28 1.968500
24 32 1.974353
24 36 1.987081
24 40 1.987638
24 44 1.995087
24 48 2.003423
24 52 2.017577
24 56 2.019355
24 60 2.020232
24 64 2.025399
24 68 2.025347
24 72 2.032519
24 76 2.032115
24 80 2.033074
24 84 2.040122
24 88 2.041727
24 92 2.041198
24 96 2.044083
24 100 1.941421
24 104 2.059276
24 108 2.064000
24 112 2.069348
24 116 2.072214
24 120 2.077492
 
28 0 2.110879
28 4 2.545509
28 8 1.779499
28 12 1.748630
28 16 1.894339
28 20 2.018524
28 24 1.945998
28 28 1.968753
28 32 1.974279
28 36 1.987124
28 40 1.987684
28 44 1.995051
28 48 2.003449
28 52 2.017564
28 56 2.019200
28 60 2.020352
28 64 2.025475
28 68 2.025321
28 72 2.032506
28 76 2.032053
28 80 2.033124
28 84 2.039959
28 88 2.041787
28 92 2.041165
28 96 2.044375
28 100 1.941516
28 104 2.059210
28 108 2.064081
28 112 2.069308
28 116 2.072249
28 120 2.077441
 
32 0 2.110922
32 4 2.545133
32 8 1.779123
32 12 1.748517
32 16 1.894223
32 20 2.018580
32 24 1.946020
32 28 1.968518
32 32 1.974341
32 36 1.987091
32 40 1.987596
32 44 1.995107
32 48 2.003398
32 52 2.017555
32 56 2.019367
32 60 2.020220
32 64 2.025222
32 68 2.025234
32 72 2.032616
32 76 2.032108
32 80 2.033142
32 84 2.040333
32 88 2.041754
32 92 2.041468
32 96 2.044108
32 100 1.941444
32 104 2.059234
32 108 2.063987
32 112 2.069192
32 116 2.072226
32 120 2.077373
 
36 0 2.110883
36 4 2.544984
36 8 1.778939
36 12 1.748421
36 16 1.894250
36 20 2.018633
36 24 1.946063
36 28 1.968600
36 32 1.974347
36 36 1.987175
36 40 1.987768
36 44 1.995144
36 48 2.003463
36 52 2.017549
36 56 2.019218
36 60 2.020219
36 64 2.025184
36 68 2.025289
36 72 2.032403
36 76 2.032041
36 80 2.033159
36 84 2.040116
36 88 2.041742
36 92 2.041227
36 96 2.044017
36 100 1.941400
36 104 2.059245
36 108 2.064077
36 112 2.069222
36 116 2.072154
36 120 2.077609
 
40 0 2.111077
40 4 2.544871
40 8 1.779391
40 12 1.748553
40 16 1.894278
40 20 2.018421
40 24 1.945942
40 28 1.968532
40 32 1.974261
40 36 1.987108
40 40 1.987696
40 44 1.995163
40 48 2.003485
40 52 2.017583
40 56 2.019182
40 60 2.020234
40 64 2.025409
40 68 2.025352
40 72 2.032469
40 76 2.032153
40 80 2.033088
40 84 2.040037
40 88 2.041666
40 92 2.041339
40 96 2.044055
40 100 1.941354
40 104 2.059353
40 108 2.064299
40 112 2.069067
40 116 2.072278
40 120 2.077469
 
44 0 2.111062
44 4 2.544896
44 8 1.779240
44 12 1.748456
44 16 1.894230
44 20 2.018598
44 24 1.946047
44 28 1.968568
44 32 1.974338
44 36 1.987087
44 40 1.987714
44 44 1.995090
44 48 2.003644
44 52 2.017825
44 56 2.019214
44 60 2.020233
44 64 2.025434
44 68 2.025289
44 72 2.032698
44 76 2.032069
44 80 2.033034
44 84 2.040101
44 88 2.041703
44 92 2.041143
44 96 2.044049
44 100 1.941499
44 104 2.059271
44 108 2.064004
44 112 2.069117
44 116 2.072232
44 120 2.077393
 
48 0 2.110795
48 4 2.544664
48 8 1.779273
48 12 1.748515
48 16 1.894255
48 20 2.018744
48 24 1.946445
48 28 1.968652
48 32 1.974244
48 36 1.987097
48 40 1.987935
48 44 1.995002
48 48 2.003490
48 52 2.017580
48 56 2.019192
48 60 2.020279
48 64 2.025460
48 68 2.025319
48 72 2.032611
48 76 2.032025
48 80 2.033240
48 84 2.040046
48 88 2.041680
48 92 2.041117
48 96 2.044078
48 100 1.941502
48 104 2.059269
48 108 2.063963
48 112 2.069168
48 116 2.072216
48 120 2.077515
 
52 0 2.111015
52 4 2.544410
52 8 1.779060
52 12 1.748474
52 16 1.894326
52 20 2.018560
52 24 1.946026
52 28 1.968679
52 32 1.974259
52 36 1.987114
52 40 1.987699
52 44 1.995132
52 48 2.003433
52 52 2.017609
52 56 2.019186
52 60 2.020241
52 64 2.025149
52 68 2.025263
52 72 2.032487
52 76 2.032070
52 80 2.033174
52 84 2.040004
52 88 2.041681
52 92 2.041061
52 96 2.044038
52 100 1.941324
52 104 2.059178
52 108 2.064009
52 112 2.069201
52 116 2.072232
52 120 2.077392
 
56 0 2.110964
56 4 2.545134
56 8 1.779618
56 12 1.748480
56 16 1.894252
56 20 2.018584
56 24 1.945984
56 28 1.968528
56 32 1.974292
56 36 1.987167
56 40 1.987666
56 44 1.995391
56 48 2.003443
56 52 2.017464
56 56 2.019276
56 60 2.020222
56 64 2.025435
56 68 2.025532
56 72 2.032523
56 76 2.032028
56 80 2.033156
56 84 2.040134
56 88 2.041703
56 92 2.041191
56 96 2.044064
56 100 1.941357
56 104 2.059144
56 108 2.063985
56 112 2.069196
56 116 2.072229
56 120 2.077551
 
60 0 2.111215
60 4 2.545313
60 8 1.779465
60 12 1.748465
60 16 1.894335
60 20 2.018856
60 24 1.946025
60 28 1.968501
60 32 1.974266
60 36 1.987139
60 40 1.987677
60 44 1.995150
60 48 2.003450
60 52 2.017459
60 56 2.019318
60 60 2.020248
60 64 2.025436
60 68 2.025270
60 72 2.032488
60 76 2.032092
60 80 2.033074
60 84 2.040034
60 88 2.041759
60 92 2.041225
60 96 2.044106
60 100 1.941374
60 104 2.059282
60 108 2.064074
60 112 2.069103
60 116 2.072251
60 120 2.077388
 
64 0 2.110809
64 4 2.545515
64 8 1.778981
64 12 1.748453
64 16 1.894330
64 20 2.018885
64 24 1.946067
64 28 1.968600
64 32 1.974268
64 36 1.987183
64 40 1.987647
64 44 1.995070
64 48 2.003436
64 52 2.017579
64 56 2.019259
64 60 2.020346
64 64 2.025412
64 68 2.025374
64 72 2.032567
64 76 2.032155
64 80 2.033099
64 84 2.040152
64 88 2.041726
64 92 2.041138
64 96 2.044170
64 100 1.941426
64 104 2.059214
64 108 2.064053
64 112 2.069176
64 116 2.072298
64 120 2.077383
 
68 0 2.111065
68 4 2.544486
68 8 1.779776
68 12 1.748425
68 16 1.894286
68 20 2.018473
68 24 1.946034
68 28 1.968560
68 32 1.974305
68 36 1.987113
68 40 1.987623
68 44 1.995080
68 48 2.003577
68 52 2.017426
68 56 2.019233
68 60 2.020355
68 64 2.025580
68 68 2.025340
68 72 2.032537
68 76 2.032072
68 80 2.033147
68 84 2.040107
68 88 2.041726
68 92 2.041098
68 96 2.044110
68 100 1.941418
68 104 2.059214
68 108 2.064050
68 112 2.069241
68 116 2.072327
68 120 2.077361
 
72 0 2.111016
72 4 2.544907
72 8 1.779476
72 12 1.748471
72 16 1.894228
72 20 2.018463
72 24 1.946134
72 28 1.968563
72 32 1.974284
72 36 1.987047
72 40 1.987593
72 44 1.995182
72 48 2.003566
72 52 2.017472
72 56 2.019287
72 60 2.020267
72 64 2.025293
72 68 2.025289
72 72 2.032543
72 76 2.032048
72 80 2.033107
72 84 2.039987
72 88 2.041726
72 92 2.041227
72 96 2.044154
72 100 1.941425
72 104 2.059212
72 108 2.064050
72 112 2.069157
72 116 2.072199
72 120 2.077561
 
76 0 2.111074
76 4 2.544828
76 8 1.779609
76 12 1.748430
76 16 1.894295
76 20 1.894256
76 24 1.946008
76 28 1.968617
76 32 1.974659
76 36 1.987120
76 40 1.987706
76 44 1.995074
76 48 2.003410
76 52 2.017583
76 56 2.019248
76 60 2.020267
76 64 2.025363
76 68 2.025252
76 72 2.032524
76 76 2.032060
76 80 2.033193
76 84 2.040053
76 88 2.041812
76 92 2.041217
76 96 
76 100 1.941213
76 104 2.059256
76 108 2.064138
76 112 2.069139
76 116 2.072162
76 120 2.077383
 
80 0 2.110594
80 4 2.544836
80 8 1.779303
80 12 
80 16 1.894281
80 20 2.018613
80 24 1.946167
80 28 1.968711
80 32 1.974313
80 36 1.987088
80 40 1.987655
80 44 1.995105
80 48 2.003506
80 52 2.017523
80 56 2.019239
80 60 2.020358
80 64 2.025376
80 68 2.025306
80 72 2.032575
80 76 2.032090
80 80 2.033092
80 84 2.040005
80 88 2.041715
80 92 2.041137
80 96 2.044204
80 100 1.941625
80 104 2.059343
80 108 2.064174
80 112 2.069223
80 116 2.072290
80 120 2.077398
 
84 0 2.111043
84 4 2.545103
84 8 1.779314
84 12 1.748484
84 16 1.894402
84 20 2.018756
84 24 1.946008
84 28 1.968511
84 32 1.974303
84 36 1.987109
84 40 1.987700
84 44 1.995131
84 48 2.003459
84 52 2.017545
84 56 2.019299
84 60 2.020263
84 64 2.025303
84 68 2.025266
84 72 2.032525
84 76 2.032151
84 80 2.033221
84 84 2.040073
84 88 2.041754
84 92 2.041101
84 96 2.044087
84 100 1.941549
84 104 
84 108 2.064033
84 112 2.069095
84 116 2.072534
84 120 2.077542
 
88 0 2.110875
88 4 2.545434
88 8 1.778768
88 12 1.748490
88 16 1.894310
88 20 2.018698
88 24 1.945964
88 28 1.968539
88 32 1.974318
88 36 1.987090
88 40 1.987847
88 44 1.995268
88 48 2.003412
88 52 2.017607
88 56 2.019237
88 60 2.020314
88 64 2.025226
88 68 2.025339
88 72 2.032818
88 76 2.032215
88 80 2.033059
88 84 2.040044
88 88 2.041819
88 92 2.041164
88 96 2.044067
88 100 1.941373
88 104 2.059167
88 108 2.064041
88 112 2.069202
88 116 2.072635
88 120 2.077575
 
92 0 2.111015
92 4 2.545571
92 8 1.779319
92 12 1.748499
92 16 1.894402
92 20 2.018476
92 24 1.946047
92 28 1.968608
92 32 1.974314
92 36 
92 40 1.987637
92 44 1.995078
92 48 2.003401
92 52 2.017507
92 56 2.019298
92 60 2.020661
92 64 2.025406
92 68 2.025263
92 72 2.032657
92 76 2.032104
92 80 2.033254
92 84 2.040073
92 88 2.041738
92 92 2.041094
92 96 2.044103
92 100 1.941358
92 104 2.059172
92 108 2.063972
92 112 2.069183
92 116 2.072176
92 120 2.077436
 
96 0 2.110863
96 4 2.545244
96 8 1.779239
96 12 1.748613
96 16 1.894291
96 20 2.018461
96 24 1.945996
96 28 1.968504
96 32 1.974217
96 36 1.987092
96 40 1.987608
96 44 1.995161
96 48 2.003477
96 52 2.017486
96 56 2.019190
96 60 2.020253
96 64 2.025510
96 68 2.025354
96 72 2.032599
96 76 2.032091
96 80 2.033137
96 84 2.040057
96 88 2.041791
96 92 2.041120
96 96 2.044048
96 100 1.941676
96 104 2.059227
96 108 2.064050
96 112 2.069154
96 116 2.072212
96 120 2.077438
 
100 0 2.110876
100 4 2.544835
100 8 1.779188
100 12 1.748491
100 16 1.894282
100 20 2.018709
100 24 1.946002
100 28 1.968643
100 32 1.974214
100 36 1.987079
100 40 1.987610
100 44 1.995190
100 48 2.003455
100 52 2.017545
100 56 2.019305
100 60 2.020399
100 64 2.025340
100 68 2.025288
100 72 2.032588
100 76 2.032090
100 80 2.033257
100 84 2.040052
100 88 2.041735
100 92 2.041329
100 96 2.044099
100 100 1.941530
100 104 2.059201
100 108 2.063991
100 112 2.069240
100 116 2.072158
100 120 2.077417
 
