4 4 3.328977
4 8 3.327628
4 12 3.374760
4 16 3.385407
4 20 3.391824
4 24 3.421805
4 28 3.438800
4 32 3.448005
4 36 3.458577
4 40 3.470597
4 44 3.484736
4 48 3.517950
4 52 3.539617
4 56 3.566160
4 60 3.566692
4 64 3.580590
4 68 3.598217
4 72 3.618076
4 76 3.617459
4 80 3.621899
4 84 3.639272
4 88 3.659371
4 92 3.682901

8 4 3.199139
8 8 3.185674
8 12 3.251461
8 16 3.269347
8 20 3.283527
8 24 3.321852
8 28 3.344560
8 32 3.357503
8 36 3.369172
8 40 3.384712
8 44 3.403653
8 48 3.452993
8 52 3.484106
8 56 3.524441
8 60 3.525841
8 64 3.545196
8 68 3.571183
8 72 3.595621
8 76 3.597916
8 80 3.599591
8 84 3.620854
8 88 3.642974
8 92 3.672275

12 4 3.202189
12 8 3.145330
12 12 3.210002
12 16 3.233882
12 20 3.250795
12 24 3.293754
12 28 3.315769
12 32 3.328343
12 36 3.340960
12 40 3.357036
12 44 3.376420
12 48 3.428020
12 52 3.464742
12 56 3.508050
12 60 3.509295
12 64 3.530967
12 68 3.559982
12 72 3.585828
12 76 3.589576
12 80 3.588513
12 84 3.611307
12 88 3.639425
12 92 3.668321

16 4 3.195246
16 8 3.122961
16 12 3.193124
16 16 3.221602
16 20 3.239406
16 24 3.277399
16 28 3.300520
16 32 3.310464
16 36 3.323087
16 40 3.338768
16 44 3.359838
16 48 3.413755
16 52 3.453077
16 56 3.498687
16 60 3.500474
16 64 3.522242
16 68 3.552252
16 72 3.580499
16 76 3.582781
16 80 3.583491
16 84 3.604632
16 88 3.634874
16 92 3.665671

20 4 3.185982
20 8 3.115753
20 12 3.193656
20 16 3.221740
20 20 3.235162
20 24 3.271218
20 28 3.291288
20 32 3.301763
20 36 3.313208
20 40 3.328322
20 44 3.350643
20 48 3.404656
20 52 3.443988
20 56 3.493456
20 60 3.494421
20 64 3.518729
20 68 3.547985
20 72 3.578192
20 76 3.578137
20 80 3.581140
20 84 3.604343
20 88 3.631605
20 92 3.661483

24 4 3.179453
24 8 3.114879
24 12 3.194915
24 16 3.216685
24 20 3.226427
24 24 3.261115
24 28 3.280186
24 32 3.291172
24 36 3.303113
24 40 3.320822
24 44 3.342239
24 48 3.400309
24 52 3.438705
24 56 3.489728
24 60 3.489226
24 64 3.513990
24 68 3.545579
24 72 3.574340
24 76 3.577879
24 80 3.576114
24 84 3.600058
24 88 3.629053
24 92 3.662235

28 4 3.183444
28 8 3.126930
28 12 3.202348
28 16 3.216407
28 20 3.222948
28 24 3.256747
28 28 3.277006
28 32 3.287568
28 36 3.299333
28 40 3.317253
28 44 3.341465
28 48 3.396034
28 52 3.435497
28 56 3.487623
28 60 3.488304
28 64 3.511716
28 68 3.543465
28 72 3.575111
28 76 3.576370
28 80 3.576270
28 84 3.599302
28 88 3.627819
28 92 3.659647

32 4 3.188663
32 8 3.136669
32 12 3.200873
32 16 3.210195
32 20 3.217649
32 24 3.250215
32 28 3.270912
32 32 3.281375
32 36 3.293019
32 40 3.311092
32 44 3.333809
32 48 3.391820
32 52 3.432899
32 56 3.490038
32 60 3.484486
32 64 3.509522
32 68 3.540898
32 72 3.572450
32 76 3.573315
32 80 3.573159
32 84 3.597475
32 88 3.627011
32 92 3.660415

36 4 3.203005
36 8 3.148050
36 12 3.199896
36 16 3.206933
36 20 3.212982
36 24 3.246462
36 28 3.267186
36 32 3.277581
36 36 3.289783
36 40 3.308347
36 44 3.330890
36 48 3.390115
36 52 3.429667
36 56 3.481652
36 60 3.481068
36 64 3.507499
36 68 3.540791
36 72 3.570692
36 76 3.574362
36 80 3.570340
36 84 3.596091
36 88 3.625513
36 92 3.658126

40 4 3.234250
40 8 3.159340
40 12 3.200998
40 16 3.206767
40 20 3.211318
40 24 3.245571
40 28 3.265647
40 32 3.276932
40 36 3.288549
40 40 3.308408
40 44 3.329582
40 48 3.388487
40 52 3.429920
40 56 3.481230
40 60 3.482258
40 64 3.506565
40 68 3.539691
40 72 3.571295
40 76 3.572437
40 80 3.572168
40 84 3.596401
40 88 3.624906
40 92 3.659597

44 4 3.259623
44 8 3.154180
44 12 3.194820
44 16 3.203218
44 20 3.207951
44 24 3.241184
44 28 3.263467
44 32 3.273756
44 36 3.286778
44 40 3.305104
44 44 3.326566
44 48 3.387116
44 52 3.427174
44 56 3.479111
44 60 3.482906
44 64 3.506025
44 68 3.539008
44 72 3.569876
44 76 3.571302
44 80 3.570642
44 84 3.597221
44 88 3.623362
44 92 3.658160

48 4 3.285953
48 8 3.156849
48 12 3.191970
48 16 3.198350
48 20 3.205035
48 24 3.238591
48 28 3.258688
48 32 3.270029
48 36 3.282678
48 40 3.300720
48 44 3.324767
48 48 3.383455
48 52 3.424548
48 56 3.478025
48 60 3.478900
48 64 3.502776
48 68 3.536832
48 72 3.568621
48 76 3.569457
48 80 3.569149
48 84 3.590920
48 88 3.622490
48 92 3.656886

52 4 3.301312
52 8 3.152482
52 12 3.191408
52 16 3.198886
52 20 3.204421
52 24 3.236655
52 28 3.259911
52 32 3.270053
52 36 3.282637
52 40 3.301110
52 44 3.323954
52 48 3.384468
52 52 3.425421
52 56 3.478687
52 60 3.479222
52 64 3.502577
52 68 3.537317
52 72 3.568789
52 76 3.569430
52 80 3.567705
52 84 3.593666
52 88 3.623836
52 92 3.657890

56 4 3.319086
56 8 3.156644
56 12 3.192776
56 16 3.198334
56 20 3.203443
56 24 3.236664
56 28 3.259256
56 32 3.269648
56 36 3.280685
56 40 3.301595
56 44 3.322834
56 48 3.384815
56 52 3.424952
56 56 3.476917
56 60 3.478519
56 64 3.502811
56 68 3.536707
56 72 3.568774
56 76 3.568974
56 80 3.568339
56 84 3.592993
56 88 3.622446
56 92 3.656292

60 4 3.312026
60 8 3.152484
60 12 3.189216
60 16 3.194384
60 20 3.200929
60 24 3.235804
60 28 3.255756
60 32 3.266874
60 36 3.279865
60 40 3.297348
60 44 3.321615
60 48 3.381034
60 52 3.422088
60 56 3.475555
60 60 3.477367
60 64 3.502298
60 68 3.534514
60 72 3.566143
60 76 3.568026
60 80 3.566715
60 84 3.593055
60 88 3.622871
60 92 3.664394

64 4 3.308028
64 8 3.147792
64 12 3.187688
64 16 3.195657
64 20 3.199437
64 24 3.234702
64 28 3.256245
64 32 3.266402
64 36 3.279695
64 40 3.296981
64 44 3.322199
64 48 3.381359
64 52 3.422853
64 56 3.475934
64 60 3.476607
64 64 3.502752
64 68 3.535511
64 72 3.566037
64 76 3.569590
64 80 3.567914
64 84 3.592272
64 88 3.622300
64 92 3.655230

68 4 3.316615
68 8 3.149708
68 12 3.187145
68 16 3.192982
68 20 3.199736
68 24 3.232701
68 28 3.254303
68 32 3.266397
68 36 3.279383
68 40 3.298097
68 44 3.321237
68 48 3.382444
68 52 3.422979
68 56 3.476889
68 60 3.477650
68 64 3.503214
68 68 3.536112
68 72 3.567825
68 76 3.567649
68 80 3.566172
68 84 3.590680
68 88 3.621763
68 92 3.655651

72 4 3.320899
72 8 3.149180
72 12 3.185032
72 16 3.190093
72 20 3.195976
72 24 3.230875
72 28 3.251290
72 32 3.263130
72 36 3.275137
72 40 3.295413
72 44 3.316963
72 48 3.377776
72 52 3.420798
72 56 3.475865
72 60 3.475395
72 64 3.500878
72 68 3.532713
72 72 3.565642
72 76 3.567608
72 80 3.567810
72 84 3.592547
72 88 3.613902
72 92 3.656133

76 4 3.320763
76 8 3.149909
76 12 3.185350
76 16 3.190758
76 20 3.195890
76 24 3.230566
76 28 3.252555
76 32 3.263082
76 36 3.275159
76 40 3.296395
76 44 3.317083
76 48 3.380216
76 52 3.421351
76 56 3.473298
76 60 3.475548
76 64 3.500968
76 68 3.533785
76 72 3.565941
76 76 3.568160
76 80 3.566441
76 84 3.592626
76 88 3.620597
76 92 3.654882

80 4 3.312561
80 8 3.148845
80 12 3.184436
80 16 3.189560
80 20 3.197416
80 24 3.229384
80 28 3.251949
80 32 3.263149
80 36 3.276858
80 40 3.293729
80 44 3.318375
80 48 3.378574
80 52 3.421912
80 56 3.474002
80 60 3.475775
80 64 3.501492
80 68 3.534811
80 72 3.564678
80 76 3.568165
80 80 3.565514
80 84 3.591653
80 88 3.620367
80 92 3.655057

84 4 3.307217
84 8 3.145147
84 12 3.184512
84 16 3.190190
84 20 3.196607
84 24 3.229774
84 28 3.251823
84 32 3.264305
84 36 3.277231
84 40 3.296776
84 44 3.318938
84 48 3.378818
84 52 3.420726
84 56 3.474531
84 60 3.477110
84 64 3.502604
84 68 3.535576
84 72 3.565794
84 76 3.567180
84 80 3.567941
84 84 3.590855
84 88 3.623270
84 92 3.657863

88 4 3.311614
88 8 3.143528
88 12 3.182131
88 16 3.189719
88 20 3.195741
88 24 3.231097
88 28 3.252324
88 32 3.262862
88 36 3.277578
88 40 3.296189
88 44 3.317729
88 48 3.377871
88 52 3.420222
88 56 3.474690
88 60 3.475709
88 64 3.501288
88 68 3.534837
88 72 3.565123
88 76 3.567744
88 80 3.566049
88 84 3.591090
88 88 3.622356
88 92 3.656785

92 4 3.316016
92 8 3.145513
92 12 3.183062
92 16 3.188218
92 20 3.196208
92 24 3.229632
92 28 3.252379
92 32 3.263126
92 36 3.275948
92 40 3.295272
92 44 3.317865
92 48 3.378260
92 52 3.421742
92 56 3.474989
92 60 3.475120
92 64 3.501094
92 68 3.532836
92 72 3.564802
92 76 3.567747
92 80 3.567279
92 84 3.590708
92 88 3.621960
92 92 3.657458

