4 4 2.546432
4 5 2.229851
4 6 1.836215
4 7 1.793936
4 8 1.778955
4 9 1.765491
4 10 2.011713
4 11 1.749782
4 12 1.748449
4 13 1.923349
4 14 1.910822
4 15 1.884576
4 16 1.894319
4 17 1.906154
4 18 1.919692
 
5 4 2.546553
5 5 2.230573
5 6 1.836240
5 7 1.794018
5 8 1.779434
5 9 1.765800
5 10 2.009767
5 11 1.749799
5 12 1.748444
5 13 1.922320
5 14 1.910733
5 15 1.884642
5 16 1.894255
5 17 1.906246
5 18 1.919684
 
6 4 2.546285
6 5 2.230116
6 6 1.836277
6 7 1.794009
6 8 1.779110
6 9 1.765485
6 10 2.009414
6 11 1.749808
6 12 1.748589
6 13 1.923144
6 14 1.910706
6 15 1.884524
6 16 1.894306
6 17 1.906192
6 18 1.919641
 
7 4 2.546791
7 5 2.230929
7 6 1.836371
7 7 1.793954
7 8 1.779242
7 9 1.765428
7 10 2.010505
7 11 1.749786
7 12 1.748578
7 13 1.923152
7 14 1.910828
7 15 1.884576
7 16 1.894316
7 17 1.906219
7 18 1.919743
 
8 4 2.545950
8 5 2.229883
8 6 1.836435
8 7 1.793897
8 8 1.779730
8 9 1.765479
8 10 2.010749
8 11 1.749769
8 12 1.748755
8 13 1.922057
8 14 1.910734
8 15 1.884664
8 16 1.894280
8 17 1.906109
8 18 1.919627
 
9 4 2.545931
9 5 2.230131
9 6 
9 7 1.794091
9 8 1.779210
9 9 1.765466
9 10 2.009811
9 11 1.749820
9 12 1.748520
9 13 1.923917
9 14 1.910743
9 15 1.884628
9 16 1.894293
9 17 1.906417
9 18 1.919700
 
10 4 2.546100
10 5 2.230555
10 6 1.836239
10 7 1.793845
10 8 1.779653
10 9 1.765489
10 10 2.010430
10 11 1.749797
10 12 1.748509
10 13 1.924176
10 14 1.910704
10 15 1.884509
10 16 1.894328
10 17 1.906149
10 18 1.919666
 
11 4 2.545522
11 5 
11 6 1.836556
11 7 1.793963
11 8 1.778983
11 9 1.765431
11 10 2.010421
11 11 1.749837
11 12 1.748452
11 13 1.922127
11 14 1.910854
11 15 1.884527
11 16 1.894306
11 17 1.906182
11 18 1.919622
 
12 4 2.546308
12 5 2.230223
12 6 1.836259
12 7 1.793966
12 8 1.779324
12 9 1.765544
12 10 2.011132
12 11 1.749799
12 12 1.748396
12 13 1.923933
12 14 1.910823
12 15 1.884677
12 16 1.894315
12 17 1.906231
12 18 1.919784
 
13 4 2.546570
13 5 2.229620
13 6 1.836022
13 7 1.793979
13 8 1.779288
13 9 1.765525
13 10 2.010462
13 11 1.749734
13 12 1.748475
13 13 1.923474
13 14 1.911187
13 15 1.884589
13 16 1.894299
13 17 1.906335
13 18 1.919672
 
14 4 2.545423
14 5 2.230553
14 6 
14 7 1.793942
14 8 1.779061
14 9 1.765476
14 10 2.010347
14 11 1.749875
14 12 1.748395
14 13 1.923116
14 14 1.910694
14 15 1.884513
14 16 1.894357
14 17 1.906163
14 18 1.919594
 
15 4 2.545854
15 5 2.230533
15 6 1.836429
15 7 1.793910
15 8 1.779571
15 9 1.765455
15 10 2.009884
15 11 1.749862
15 12 1.748491
15 13 1.923452
15 14 1.910764
15 15 1.884524
15 16 1.894416
15 17 1.906074
15 18 1.919646
 
16 4 2.546311
16 5 2.229590
16 6 1.836158
16 7 1.793875
16 8 1.779698
16 9 1.765492
16 10 2.010471
16 11 1.749860
16 12 1.748456
16 13 1.923018
16 14 1.910838
16 15 1.884685
16 16 1.894337
16 17 1.906083
16 18 1.919795
 
17 4 2.546098
17 5 2.230778
17 6 1.836205
17 7 1.794039
17 8 1.779727
17 9 1.765416
17 10 2.010547
17 11 1.749773
17 12 1.748559
17 13 1.922723
17 14 1.910730
17 15 1.884612
17 16 1.894304
17 17 1.906275
17 18 1.919684
 
18 4 2.545091
18 5 2.229921
18 6 1.835928
18 7 1.794010
18 8 1.779498
18 9 1.765401
18 10 2.009625
18 11 1.749733
18 12 1.748456
18 13 1.922211
18 14 1.910706
18 15 1.884641
18 16 1.894317
18 17 1.906152
18 18 1.919622
 
