4 4 3.235973
4 5 3.286356
4 6 3.255030
4 7 3.206817
4 8 3.164918
4 9 3.185681
4 10 3.115721
4 11 3.153892
4 12 3.149144
4 13 3.290222
4 14 3.330343
4 15 3.348192
4 16 3.311958
4 17 3.331112
4 18 3.321459
 
5 4 3.231866
5 5 3.283701
5 6 3.253703
5 7 3.212791
5 8 3.167376
5 9 3.184542
5 10 3.117543
5 11 3.152903
5 12 3.148331
5 13 3.287703
5 14 3.329072
5 15 3.349585
5 16 3.314100
5 17 3.336371
5 18 3.322778
 
6 4 3.226522
6 5 3.292410
6 6 3.253559
6 7 3.210103
6 8 3.167208
6 9 3.188607
6 10 3.115449
6 11 3.150848
6 12 3.146391
6 13 3.291021
6 14 3.331085
6 15 3.343238
6 16 3.318296
6 17 3.332593
6 18 3.318078
 
7 4 3.227346
7 5 3.286396
7 6 3.256978
7 7 3.210047
7 8 3.168217
7 9 3.192197
7 10 3.116000
7 11 3.152176
7 12 3.148837
7 13 3.290975
7 14 3.328812
7 15 3.346710
7 16 3.310939
7 17 3.335335
7 18 3.318914
 
8 4 3.234015
8 5 3.286288
8 6 3.251482
8 7 3.210385
8 8 3.165179
8 9 3.187016
8 10 3.113112
8 11 3.149673
8 12 3.149593
8 13 3.289095
8 14 3.335110
8 15 3.347328
8 16 3.314179
8 17 3.334311
8 18 3.319941
 
9 4 3.235493
9 5 3.284033
9 6 3.249851
9 7 3.218787
9 8 3.165690
9 9 3.186908
9 10 3.115147
9 11 3.154195
9 12 3.143944
9 13 3.289257
9 14 3.332577
9 15 3.345429
9 16 3.314116
9 17 3.335186
9 18 3.322469
 
10 4 3.225865
10 5 3.283180
10 6 3.252525
10 7 3.212742
10 8 3.164750
10 9 3.186601
10 10 3.117791
10 11 3.154495
10 12 3.149218
10 13 3.291853
10 14 3.330420
10 15 3.350301
10 16 3.315963
10 17 3.332385
10 18 3.321942
 
11 4 3.232207
11 5 3.288092
11 6 3.257184
11 7 3.212930
11 8 3.166402
11 9 3.188421
11 10 3.118472
11 11 3.153914
11 12 3.147910
11 13 3.291319
11 14 3.333126
11 15 3.350661
11 16 3.314754
11 17 3.334347
11 18 3.318251
 
12 4 3.221690
12 5 3.283084
12 6 3.256765
12 7 3.211993
12 8 3.168949
12 9 3.189485
12 10 3.121215
12 11 3.150444
12 12 3.146384
12 13 3.291173
12 14 3.329921
12 15 3.345247
12 16 3.315575
12 17 3.330868
12 18 3.320701
 
13 4 3.232767
13 5 3.289077
13 6 3.254394
13 7 3.211145
13 8 3.169807
13 9 3.191050
13 10 3.120313
13 11 3.149711
13 12 3.145900
13 13 3.295116
13 14 3.328661
13 15 3.351120
13 16 3.312061
13 17 3.333913
13 18 3.320805
 
14 4 3.236726
14 5 3.284601
14 6 3.256887
14 7 3.211561
14 8 3.165734
14 9 3.188126
14 10 3.115630
14 11 3.152909
14 12 3.148190
14 13 3.287993
14 14 3.330624
14 15 3.344981
14 16 3.317541
14 17 3.335001
14 18 3.322035
 
15 4 3.236575
15 5 3.285358
15 6 3.254003
15 7 3.213152
15 8 3.166360
15 9 3.188905
15 10 3.116587
15 11 3.149042
15 12 3.144992
15 13 3.291942
15 14 3.327386
15 15 3.345483
15 16 3.314682
15 17 3.335226
15 18 3.320677
 
16 4 3.224184
16 5 3.285875
16 6 3.257021
16 7 3.209365
16 8 3.167059
16 9 3.185210
16 10 3.117625
16 11 3.152536
16 12 3.147759
16 13 3.291464
16 14 3.328916
16 15 3.344283
16 16 3.314815
16 17 3.331454
16 18 3.319420
 
17 4 3.225052
17 5 3.287557
17 6 3.250899
17 7 3.210884
17 8 3.165907
17 9 3.187322
17 10 3.116057
17 11 3.149863
17 12 3.147011
17 13 3.289005
17 14 3.327780
17 15 3.347596
17 16 3.314037
17 17 3.331338
17 18 3.321214
 
18 4 3.226253
18 5 3.282107
18 6 3.255726
18 7 3.209435
18 8 3.167212
18 9 3.190612
18 10 3.121061
18 11 3.150201
18 12 3.144519
18 13 3.289325
18 14 3.329581
18 15 3.345516
18 16 3.315332
18 17 3.332400
18 18 3.324076
 
