1 1 3.774208
1 2 3.792710
1 3 3.792839
1 4 3.791597
1 5 3.792929
1 6 3.785840
1 7 3.785787
1 8 3.792945
1 9 3.785620
1 10 3.783862
1 11 3.786437
1 12 3.791631
1 13 3.791950
1 14 3.786315
1 15 3.784913
1 16 3.791274
1 17 3.794168
1 18 3.787647
1 19 3.798623
 
2 1 3.692299
2 2 3.704359
2 3 3.650301
2 4 3.608082
2 5 3.562728
2 6 3.472177
2 7 3.400522
2 8 3.374304
2 9 3.334074
2 10 3.305050
2 11 3.310413
2 12 3.293240
2 13 3.275008
2 14 3.260605
2 15 3.259308
2 16 3.261858
2 17 3.507335
2 18 3.492211
2 19 3.499588
 
3 1 3.366381
3 2 3.397195
3 3 3.363251
3 4 3.324095
3 5 3.321730
3 6 3.324352
3 7 3.335753
3 8 3.359545
3 9 3.380909
3 10 3.419681
3 11 3.430158
3 12 3.440708
3 13 3.443986
3 14 3.453311
3 15 3.454887
3 16 3.442054
3 17 3.453270
3 18 3.461389
3 19 3.462181
 
4 1 3.209801
4 2 3.221055
4 3 3.183706
4 4 3.162514
4 5 3.148507
4 6 3.171863
4 7 3.181874
4 8 3.219827
4 9 3.265162
4 10 3.308784
4 11 3.319499
4 12 3.326088
4 13 3.336734
4 14 3.334944
4 15 3.344843
4 16 3.337969
4 17 3.335591
4 18 3.346560
4 19 3.357159
 
5 1 3.089311
5 2 3.124969
5 3 3.094200
5 4 3.072729
5 5 3.064432
5 6 3.094821
5 7 3.112151
5 8 3.135263
5 9 3.169781
5 10 3.211056
5 11 3.206868
5 12 3.199396
5 13 3.191235
5 14 3.178868
5 15 3.166669
5 16 3.154167
5 17 3.141500
5 18 3.137721
5 19 3.145883
 
6 1 2.904026
6 2 2.928908
6 3 2.899413
6 4 2.908734
6 5 2.903237
6 6 2.971216
6 7 3.009815
6 8 3.090876
6 9 3.146750
6 10 3.225421
6 11 3.230845
6 12 3.245059
6 13 3.256004
6 14 3.259766
6 15 3.260611
6 16 3.264704
6 17 3.263219
6 18 3.269924
6 19 3.281789
 
7 1 2.992282
7 2 3.043518
7 3 3.001556
7 4 3.001252
7 5 2.985396
7 6 2.996948
7 7 3.014830
7 8 3.044359
7 9 3.091737
7 10 3.153618
7 11 3.175373
7 12 3.181240
7 13 3.199663
7 14 3.202099
7 15 3.208277
7 16 3.207698
7 17 3.213030
7 18 3.215530
7 19 3.228004
 
8 1 2.981746
8 2 3.017610
8 3 3.016745
8 4 3.004344
8 5 2.977320
8 6 2.990089
8 7 3.005827
8 8 3.036016
8 9 3.083814
8 10 3.157589
8 11 3.176042
8 12 3.179221
8 13 3.194099
8 14 3.194288
8 15 3.200367
8 16 3.193281
8 17 3.198647
8 18 3.209122
8 19 3.223868
 
9 1 3.025003
9 2 3.059084
9 3 3.008683
9 4 2.985383
9 5 2.973058
9 6 2.979033
9 7 2.977225
9 8 2.995017
9 9 3.042457
9 10 3.107819
9 11 3.113839
9 12 3.128815
9 13 3.127880
9 14 3.128565
9 15 3.109392
9 16 3.094858
9 17 3.076938
9 18 3.079718
9 19 3.081971
 
10 1 2.973323
10 2 3.012029
10 3 2.997737
10 4 2.998165
10 5 3.000091
10 6 3.001706
10 7 2.998005
10 8 3.021933
10 9 3.077849
10 10 3.154969
10 11 3.178784
10 12 3.181793
10 13 3.200670
10 14 3.201303
10 15 3.205058
10 16 3.196782
10 17 3.201428
10 18 3.191466
10 19 3.193492
 
11 1 3.065108
11 2 3.111134
11 3 3.037569
11 4 3.009471
11 5 2.984366
11 6 2.975595
11 7 2.976074
11 8 2.992273
11 9 3.043953
11 10 3.123258
11 11 3.139255
11 12 3.140887
11 13 3.155092
11 14 3.157685
11 15 3.161317
11 16 3.154809
11 17 3.160852
11 18 3.169663
11 19 3.176029
 
12 1 3.075102
12 2 3.121970
12 3 3.049894
12 4 3.009063
12 5 2.973218
12 6 2.962851
12 7 2.965633
12 8 2.986653
12 9 3.033643
12 10 3.111901
12 11 3.130816
12 12 3.130645
12 13 3.147989
12 14 3.153158
12 15 3.158034
12 16 3.143774
12 17 3.149657
12 18 3.148974
12 19 3.161732
 
13 1 3.066139
13 2 3.131477
13 3 3.027164
13 4 2.959629
13 5 2.902478
13 6 2.886515
13 7 2.883770
13 8 2.896530
13 9 2.952325
13 10 3.027115
13 11 3.028903
13 12 3.037955
13 13 3.045899
13 14 3.051006
13 15 3.049091
13 16 3.044565
13 17 3.039245
13 18 3.049074
13 19 3.059932
 
14 1 3.008523
14 2 3.086245
14 3 2.998799
14 4 3.015709
14 5 2.966549
14 6 2.953466
14 7 2.954133
14 8 2.974503
14 9 3.029525
14 10 3.106411
14 11 3.120080
14 12 3.130372
14 13 3.145508
14 14 3.139707
14 15 3.144319
14 16 3.134172
14 17 3.141824
14 18 3.149883
14 19 3.161523
 
15 1 3.086715
15 2 3.154019
15 3 3.046375
15 4 2.992417
15 5 2.950176
15 6 2.941349
15 7 2.935323
15 8 2.958643
15 9 3.011878
15 10 3.093421
15 11 3.110417
15 12 3.115080
15 13 3.126601
15 14 3.137446
15 15 3.135973
15 16 3.132186
15 17 3.135639
15 18 3.138368
15 19 3.158072
 
16 1 3.100432
16 2 3.170820
16 3 3.047419
16 4 2.991816
16 5 2.949955
16 6 2.936196
16 7 2.931026
16 8 2.958002
16 9 3.009009
16 10 3.091100
16 11 3.107720
16 12 3.111737
16 13 3.123985
16 14 3.132577
16 15 3.134475
16 16 3.125619
16 17 3.136446
16 18 3.141479
16 19 3.154185
 
17 1 3.108909
17 2 3.173796
17 3 3.040928
17 4 2.984173
17 5 2.943796
17 6 2.926264
17 7 2.928655
17 8 2.953441
17 9 3.004639
17 10 3.076471
17 11 3.104845
17 12 3.112187
17 13 3.125916
17 14 3.134333
17 15 3.134494
17 16 3.129794
17 17 3.125947
17 18 3.140138
17 19 3.151120
 
18 1 3.123023
18 2 3.172789
18 3 3.029489
18 4 2.970720
18 5 2.909474
18 6 2.876607
18 7 2.873057
18 8 2.893378
18 9 2.941825
18 10 3.026564
18 11 3.040895
18 12 3.039068
18 13 3.056345
18 14 3.058469
18 15 3.053540
18 16 3.046108
18 17 3.050095
18 18 3.054963
18 19 3.060218
 
19 1 3.076407
19 2 3.108531
19 3 3.009564
19 4 2.969206
19 5 2.919406
19 6 2.908368
19 7 2.905418
19 8 2.927018
19 9 2.983972
19 10 3.059260
19 11 3.078481
19 12 3.090554
19 13 3.110317
19 14 3.114151
19 15 3.114044
19 16 3.105855
19 17 3.125931
19 18 3.135466
19 19 3.169837
 
20 1 3.201586
20 2 3.194649
20 3 3.063268
20 4 3.010264
20 5 2.966666
20 6 2.949073
20 7 2.949245
20 8 2.970840
20 9 3.021626
20 10 3.074893
20 11 3.105034
20 12 3.112691
20 13 3.126004
20 14 3.130150
20 15 3.120796
20 16 3.122906
20 17 3.125251
20 18 3.134372
20 19 3.146348
 
21 1 3.186005
21 2 3.160316
21 3 3.026494
21 4 2.974179
21 5 2.932468
21 6 2.921082
21 7 2.918399
21 8 2.936840
21 9 2.991055
21 10 3.076625
21 11 3.097511
21 12 3.103375
21 13 3.117078
21 14 3.120386
21 15 3.123060
21 16 3.119317
21 17 3.123058
21 18 3.129804
21 19 3.144082
 
22 1 3.209404
22 2 3.152674
22 3 3.023567
22 4 2.966630
22 5 2.925140
22 6 2.910690
22 7 2.909981
22 8 2.932238
22 9 2.986975
22 10 3.075540
22 11 3.091713
22 12 3.096521
22 13 3.114932
22 14 3.120514
22 15 3.119279
22 16 3.113998
22 17 3.121762
22 18 3.126747
22 19 3.139966
 
23 1 3.220478
23 2 3.152490
23 3 3.024550
23 4 2.965899
23 5 2.923743
23 6 2.910276
23 7 2.911534
23 8 2.931789
23 9 2.988606
23 10 3.068448
23 11 3.094274
23 12 3.101354
23 13 3.118324
23 14 3.121820
23 15 3.124666
23 16 3.110992
23 17 3.121378
23 18 3.126931
23 19 3.138400
 
24 1 3.219897
24 2 3.155377
24 3 3.018619
24 4 2.963117
24 5 2.922746
24 6 2.906610
24 7 2.905313
24 8 2.933166
24 9 2.989167
24 10 3.066474
24 11 3.095921
24 12 3.101627
24 13 3.110274
24 14 3.081066
24 15 3.063280
24 16 3.048738
24 17 3.045572
24 18 3.045542
24 19 3.055967
 
25 1 3.161928
25 2 3.093290
25 3 2.949005
25 4 2.894848
25 5 2.846347
25 6 2.827304
25 7 2.828612
25 8 2.846654
25 9 2.906572
25 10 2.989966
25 11 3.009812
25 12 3.017656
25 13 3.031246
25 14 3.115935
25 15 3.129471
25 16 3.128375
25 17 3.126039
25 18 3.135446
25 19 3.140012
 
26 1 3.228131
26 2 3.157372
26 3 3.017953
26 4 2.963973
26 5 2.916471
26 6 2.899905
26 7 2.906175
26 8 2.928134
26 9 2.986020
26 10 3.068151
26 11 3.088349
26 12 3.098013
26 13 3.111458
26 14 3.119948
26 15 3.119856
26 16 3.110909
26 17 3.115936
26 18 3.121138
26 19 3.135408
 
27 1 3.218962
27 2 3.154589
27 3 3.018219
27 4 2.960555
27 5 2.915346
27 6 2.908274
27 7 2.902708
27 8 2.926298
27 9 2.980011
27 10 3.073099
27 11 3.090275
27 12 3.096548
27 13 3.112575
27 14 3.114041
27 15 3.113449
27 16 3.110855
27 17 3.118257
27 18 3.125294
27 19 3.136654
 
28 1 3.222811
28 2 3.150432
28 3 3.015355
28 4 2.961228
28 5 2.915080
28 6 2.904593
28 7 2.906517
28 8 2.932796
28 9 2.983234
28 10 3.076068
28 11 3.094256
28 12 3.098216
28 13 3.113584
28 14 3.120474
28 15 3.121271
28 16 3.119206
28 17 3.118680
28 18 3.121841
28 19 3.133291
 
29 1 3.209581
29 2 3.130050
29 3 2.982264
29 4 2.899965
29 5 2.858396
29 6 2.837412
29 7 2.834998
29 8 2.864550
29 9 2.913533
29 10 3.002009
29 11 3.020537
29 12 3.025628
29 13 3.033052
29 14 3.043617
29 15 3.043643
29 16 3.037290
29 17 3.041298
29 18 3.037765
29 19 3.055932
 
30 1 3.147907
30 2 3.083128
30 3 2.945484
30 4 2.888248
30 5 2.844413
30 6 2.826110
30 7 2.828612
30 8 2.851645
30 9 2.904468
30 10 2.995952
30 11 3.061800
30 12 3.098369
30 13 3.114369
30 14 3.143530
30 15 3.145747
30 16 3.139176
30 17 3.145774
30 18 3.155063
30 19 3.159568
 
31 1 3.241258
31 2 3.171303
31 3 3.045009
31 4 2.989322
31 5 2.942754
31 6 2.933272
31 7 2.934019
31 8 2.964503
31 9 3.012017
31 10 3.083568
31 11 3.096491
31 12 3.106873
31 13 3.121397
31 14 3.127416
31 15 3.125768
31 16 3.116802
31 17 3.117946
31 18 3.131396
31 19 3.138459
 
32 1 3.212327
32 2 3.139119
32 3 3.009732
32 4 2.957326
32 5 2.914668
32 6 2.899864
32 7 2.904194
32 8 2.924245
32 9 2.982236
32 10 3.068257
32 11 3.081331
32 12 3.095256
32 13 3.112270
32 14 3.113906
32 15 3.115736
32 16 3.100884
32 17 3.114189
32 18 3.118990
32 19 3.131454
 
33 1 3.215038
33 2 3.141405
33 3 3.011790
33 4 2.956451
33 5 2.914378
33 6 2.898294
33 7 2.906123
33 8 2.929061
33 9 2.982092
33 10 3.067036
33 11 3.087491
33 12 3.094961
33 13 3.114099
33 14 3.115848
33 15 3.117173
33 16 3.110563
33 17 3.112441
33 18 3.112898
33 19 3.128927
 
34 1 3.200199
34 2 3.140722
34 3 3.004693
34 4 2.963620
34 5 2.920831
34 6 2.906569
34 7 2.916053
34 8 2.935542
34 9 2.994257
34 10 3.081175
34 11 3.101525
34 12 3.113488
34 13 3.131240
34 14 3.134413
34 15 3.126480
34 16 3.120570
34 17 3.120079
34 18 3.124263
34 19 3.114798
 
35 1 3.201271
35 2 3.129547
35 3 2.981125
35 4 2.928433
35 5 2.882902
35 6 2.864419
35 7 2.867509
35 8 2.890059
35 9 2.942499
35 10 3.016595
35 11 3.064547
35 12 3.086121
35 13 3.100363
35 14 3.114681
35 15 3.117985
35 16 3.116240
35 17 3.120645
35 18 3.128179
35 19 3.141358
 
36 1 3.229985
36 2 3.159182
36 3 3.016351
36 4 2.962047
36 5 2.924519
36 6 2.908489
36 7 2.921251
36 8 2.948177
36 9 3.008496
36 10 3.091290
36 11 3.113926
36 12 3.121893
36 13 3.137900
36 14 3.145633
36 15 3.145157
36 16 3.144510
36 17 3.144258
36 18 3.152874
36 19 3.165938
 
37 1 3.243313
37 2 3.175525
37 3 3.038706
37 4 2.977681
37 5 2.922908
37 6 2.906246
37 7 2.904939
37 8 2.930747
37 9 2.986524
37 10 3.070067
37 11 3.088092
37 12 3.087921
37 13 3.108721
37 14 3.112447
37 15 3.112069
37 16 3.101388
37 17 3.110100
37 18 3.114780
37 19 3.126375
 
38 1 3.211067
38 2 3.142790
38 3 3.011629
38 4 2.959468
38 5 2.922419
38 6 2.903950
38 7 2.910704
38 8 2.934625
38 9 2.989005
38 10 3.059880
38 11 3.088933
38 12 3.093700
38 13 3.113058
38 14 3.110504
38 15 3.115499
38 16 3.105425
38 17 3.112344
38 18 3.123236
38 19 3.134006
 
39 1 3.215230
39 2 3.142732
39 3 3.019068
39 4 2.968077
39 5 2.921180
39 6 2.919127
39 7 2.920432
39 8 2.948262
39 9 2.990117
39 10 3.085488
39 11 3.100881
39 12 3.111472
39 13 3.123343
39 14 3.134197
39 15 3.139131
39 16 3.134932
39 17 3.145055
39 18 3.150001
39 19 3.163317
 
