0 0 3.235865
0 4 2.956080
0 8 2.894286
0 12 2.874642
0 16 3.034259
0 20 3.043264
0 24 2.999151
0 28 2.997379
0 32 2.983676
0 36 2.971344
0 40 2.963275
0 44 2.956449
0 48 2.948182
0 52 2.942928
0 56 2.936321
0 60 2.935309
0 64 2.930038
0 68 2.928807
0 72 2.924188
0 76 2.923535
0 80 2.924557
0 84 2.917797
0 88 2.916576
0 92 2.917298
0 96 2.917024
0 100 2.924624
0 104 2.912110
0 108 2.912778
0 112 2.915536
0 116 2.918402
0 120 2.919529
 
4 0 3.235576
4 4 2.948714
4 8 2.894140
4 12 2.875925
4 16 3.033999
4 20 3.043780
4 24 2.998492
4 28 2.996309
4 32 2.983070
4 36 2.969557
4 40 2.963596
4 44 2.955500
4 48 2.948370
4 52 2.942785
4 56 2.936099
4 60 2.936504
4 64 2.929255
4 68 2.930042
4 72 2.924390
4 76 2.923615
4 80 2.923810
4 84 2.916852
4 88 2.917081
4 92 2.917307
4 96 2.917478
4 100 2.923812
4 104 2.912034
4 108 2.914644
4 112 2.916830
4 116 2.917510
4 120 2.919821
 
8 0 3.235944
8 4 2.946414
8 8 2.896696
8 12 2.876612
8 16 3.035866
8 20 3.044936
8 24 2.999976
8 28 2.996870
8 32 2.982237
8 36 2.971274
8 40 2.963236
8 44 2.956484
8 48 2.949938
8 52 2.941974
8 56 2.936064
8 60 2.936895
8 64 2.929267
8 68 2.929583
8 72 2.924978
8 76 2.925553
8 80 2.924154
8 84 2.917141
8 88 2.916655
8 92 2.918074
8 96 2.916049
8 100 2.923493
8 104 2.913055
8 108 2.913237
8 112 2.916041
8 116 2.916956
8 120 2.919835
 
12 0 3.235866
12 4 2.940665
12 8 2.893190
12 12 2.876301
12 16 3.033343
12 20 3.040853
12 24 
12 28 2.996402
12 32 2.982849
12 36 2.970861
12 40 2.962753
12 44 2.955636
12 48 2.949798
12 52 2.943300
12 56 2.935848
12 60 2.936017
12 64 2.930770
12 68 2.929480
12 72 2.923920
12 76 2.924075
12 80 2.923756
12 84 2.917601
12 88 2.918391
12 92 2.917289
12 96 2.917236
12 100 2.924934
12 104 2.912014
12 108 2.913213
12 112 2.916158
12 116 2.919189
12 120 2.919532
 
16 0 3.236343
16 4 2.946551
16 8 2.891982
16 12 2.877490
16 16 3.033232
16 20 3.041776
16 24 2.999307
16 28 2.998245
16 32 2.985148
16 36 2.969937
16 40 2.962538
16 44 2.956340
16 48 2.949145
16 52 2.942400
16 56 2.936421
16 60 2.936001
16 64 2.930550
16 68 2.930192
16 72 2.924387
16 76 2.924810
16 80 2.923695
16 84 2.917208
16 88 2.917283
16 92 2.917405
16 96 2.916200
16 100 2.923907
16 104 2.911755
16 108 2.913565
16 112 2.915100
16 116 2.917573
16 120 2.919604
 
20 0 3.235730
20 4 2.941642
20 8 2.894223
20 12 2.877246
20 16 3.032374
20 20 3.042610
20 24 2.998644
20 28 2.997135
20 32 2.983186
20 36 2.970594
20 40 
20 44 2.954319
20 48 2.949150
20 52 2.942716
20 56 2.937133
20 60 2.936866
20 64 2.930219
20 68 2.929444
20 72 2.923846
20 76 2.923047
20 80 2.924283
20 84 2.918042
20 88 2.917705
20 92 2.917371
20 96 2.917191
20 100 2.922841
20 104 2.911664
20 108 2.914661
20 112 2.915888
20 116 2.917906
20 120 2.918789
 
24 0 3.235804
24 4 2.948703
24 8 2.894972
24 12 2.876331
24 16 3.034810
24 20 3.044540
24 24 3.000576
24 28 2.995571
24 32 2.982575
24 36 2.971225
24 40 2.963023
24 44 2.956203
24 48 2.949157
24 52 2.942453
24 56 2.936924
24 60 2.935781
24 64 2.928950
24 68 2.929511
24 72 2.924232
24 76 2.924653
24 80 2.923441
24 84 2.917779
24 88 2.917578
24 92 2.917306
24 96 2.915985
24 100 2.923153
24 104 2.911343
24 108 2.915831
24 112 2.915999
24 116 2.918260
24 120 2.919928
 
28 0 3.236310
28 4 2.946342
28 8 2.895105
28 12 2.877907
28 16 3.034196
28 20 3.045214
28 24 2.999051
28 28 2.998728
28 32 2.983139
28 36 2.971322
28 40 2.962508
28 44 2.955796
28 48 2.949353
28 52 2.942160
28 56 2.935654
28 60 2.935777
28 64 2.929045
28 68 2.930737
28 72 2.923228
28 76 2.925108
28 80 2.922608
28 84 2.916964
28 88 2.916790
28 92 2.916257
28 96 2.916684
28 100 2.924319
28 104 2.912462
28 108 2.912881
28 112 2.915815
28 116 2.918131
28 120 2.920047
 
32 0 3.236183
32 4 2.954020
32 8 2.893767
32 12 2.878279
32 16 3.036164
32 20 3.043323
32 24 2.999790
32 28 2.997123
32 32 2.985088
32 36 2.969930
32 40 2.962276
32 44 2.956014
32 48 2.948986
32 52 2.941650
32 56 2.936152
32 60 2.936015
32 64 2.929422
32 68 2.929789
32 72 2.923345
32 76 2.924459
32 80 2.924561
32 84 2.918058
32 88 2.919321
32 92 
32 96 2.915621
32 100 2.925115
32 104 2.911824
32 108 2.913198
32 112 2.916691
32 116 2.917591
32 120 2.920621
 
36 0 3.236114
36 4 2.937067
36 8 2.895065
36 12 2.876446
36 16 3.033966
36 20 3.044219
36 24 3.001330
36 28 2.998005
36 32 2.983366
36 36 2.969034
36 40 2.962784
36 44 2.956856
36 48 2.948414
36 52 2.942446
36 56 2.935890
36 60 2.936257
36 64 2.929487
36 68 2.929639
36 72 2.924279
36 76 2.924565
36 80 2.923274
36 84 2.917795
36 88 2.917854
36 92 2.918466
36 96 2.917494
36 100 2.923886
36 104 2.912254
36 108 2.915140
36 112 2.915018
36 116 2.917246
36 120 2.919557
 
40 0 3.236264
40 4 2.939080
40 8 2.892528
40 12 2.877153
40 16 3.033473
40 20 3.043901
40 24 2.999336
40 28 2.998666
40 32 2.985028
40 36 2.971001
40 40 2.961352
40 44 2.955976
40 48 2.948632
40 52 2.943710
40 56 2.935611
40 60 2.936142
40 64 2.929967
40 68 2.931165
40 72 2.924078
40 76 2.924185
40 80 2.923794
40 84 2.917393
40 88 2.916727
40 92 2.917859
40 96 2.916343
40 100 2.923549
40 104 2.912316
40 108 2.914093
40 112 2.916276
40 116 2.917707
40 120 2.919538
 
44 0 3.235907
44 4 2.935522
44 8 2.893819
44 12 2.877467
44 16 3.033676
44 20 3.041775
44 24 3.001035
44 28 2.997640
44 32 2.982501
44 36 2.971682
44 40 2.961837
44 44 2.956410
44 48 2.948082
44 52 2.943966
44 56 2.936634
44 60 2.936886
44 64 2.930157
44 68 2.931861
44 72 2.924520
44 76 2.924159
44 80 2.924902
44 84 2.917417
44 88 
44 92 2.917438
44 96 2.916069
44 100 2.924102
44 104 2.911890
44 108 2.913418
44 112 2.916839
44 116 2.918192
44 120 2.919866
 
48 0 3.235671
48 4 2.946202
48 8 2.896337
48 12 2.876139
48 16 3.035064
48 20 3.044030
48 24 2.999583
48 28 2.997369
48 32 2.983257
48 36 2.971126
48 40 2.962287
48 44 2.956186
48 48 2.948780
48 52 2.942493
48 56 2.935742
48 60 2.937150
48 64 2.930581
48 68 
48 72 2.923855
48 76 2.923884
48 80 2.923339
48 84 2.917294
48 88 2.917359
48 92 2.917400
48 96 2.917455
48 100 2.924138
48 104 2.911681
48 108 2.914387
48 112 2.915131
48 116 2.918362
48 120 2.920175
 
52 0 3.235660
52 4 2.942887
52 8 2.896895
52 12 2.875827
52 16 3.031331
52 20 3.044319
52 24 3.001952
52 28 2.997273
52 32 2.983455
52 36 2.971201
52 40 2.962772
52 44 2.957070
52 48 2.950335
52 52 2.941831
52 56 2.935983
52 60 2.937014
52 64 2.930951
52 68 2.930219
52 72 2.924896
52 76 2.923855
52 80 2.924050
52 84 2.917156
52 88 2.917993
52 92 2.917173
52 96 2.917690
52 100 2.924399
52 104 2.911264
52 108 
52 112 2.916765
52 116 2.918781
52 120 2.921086
 
56 0 3.235664
56 4 2.938391
56 8 2.895804
56 12 2.876335
56 16 3.033215
56 20 3.041778
56 24 2.998881
56 28 2.997132
56 32 2.982815
56 36 2.970596
56 40 
56 44 2.957062
56 48 2.949122
56 52 2.943203
56 56 2.936659
56 60 2.935679
56 64 2.930787
56 68 2.929271
56 72 2.923803
56 76 2.924622
56 80 2.923996
56 84 2.918108
56 88 2.917763
56 92 2.918003
56 96 2.916854
56 100 2.925138
56 104 2.911206
56 108 2.914474
56 112 2.916955
56 116 2.919036
56 120 2.921121
 
60 0 3.236557
60 4 2.942221
60 8 2.897109
60 12 2.876585
60 16 3.033766
60 20 3.042781
60 24 3.001490
60 28 2.998045
60 32 2.983174
60 36 2.969892
60 40 2.964002
60 44 2.958278
60 48 2.949739
60 52 2.943819
60 56 2.937801
60 60 2.936723
60 64 2.931304
60 68 2.929796
60 72 2.923685
60 76 2.923050
60 80 2.925271
60 84 2.917286
60 88 2.918330
60 92 2.917132
60 96 2.917410
60 100 2.924198
60 104 2.913527
60 108 2.915207
60 112 2.915627
60 116 2.918106
60 120 2.920691
 
64 0 3.234851
64 4 2.946419
64 8 2.891760
64 12 2.874357
64 16 3.034449
64 20 3.040987
64 24 2.998789
64 28 2.996805
64 32 2.982655
64 36 2.968902
64 40 2.962041
64 44 2.954927
64 48 2.948461
64 52 2.940894
64 56 2.934340
64 60 2.934803
64 64 2.930208
64 68 2.929283
64 72 2.923039
64 76 2.923404
64 80 2.923626
64 84 2.916105
64 88 2.915756
64 92 2.916521
64 96 2.914804
64 100 2.923726
64 104 2.910800
64 108 2.912088
64 112 2.913768
64 116 2.916731
64 120 2.919204
 
68 0 3.234981
68 4 2.951206
68 8 2.892899
68 12 2.876786
68 16 3.033520
68 20 3.042571
68 24 2.998712
68 28 2.996499
68 32 2.982723
68 36 2.967740
68 40 2.960945
68 44 2.955655
68 48 2.947017
68 52 2.942224
68 56 2.934866
68 60 2.934883
68 64 2.928513
68 68 2.927791
68 72 2.922181
68 76 2.922351
68 80 2.923771
68 84 2.916225
68 88 2.916679
68 92 2.916034
68 96 2.916589
68 100 2.922693
68 104 2.911391
68 108 2.912682
68 112 2.915653
68 116 2.916645
68 120 2.917974
 
72 0 3.234505
72 4 2.943732
72 8 2.893993
72 12 2.874039
72 16 3.031275
72 20 3.040500
72 24 3.000115
72 28 2.996087
72 32 2.982832
72 36 2.968815
72 40 2.961899
72 44 2.955544
72 48 2.947388
72 52 2.940942
72 56 2.934477
72 60 2.935654
72 64 2.930164
72 68 2.928862
72 72 2.923257
72 76 2.922800
72 80 2.921646
72 84 2.916157
72 88 2.915750
72 92 2.915886
72 96 2.915362
72 100 2.921874
72 104 2.911693
72 108 2.912862
72 112 2.914998
72 116 2.917221
72 120 2.918993
 
76 0 3.235050
76 4 2.936954
76 8 2.895344
76 12 2.876913
76 16 3.032305
76 20 3.044504
76 24 2.999371
76 28 2.997004
76 32 2.980265
76 36 2.969128
76 40 2.962329
76 44 2.956553
76 48 2.945992
76 52 2.940591
76 56 2.934303
76 60 2.934378
76 64 2.929007
76 68 2.927674
76 72 2.923700
76 76 2.923260
76 80 2.922643
76 84 2.916440
76 88 2.916608
76 92 2.915747
76 96 2.915982
76 100 2.923376
76 104 2.910994
76 108 2.912001
76 112 2.915828
76 116 2.916975
76 120 2.918134
 
80 0 3.234805
80 4 2.948937
80 8 2.895844
80 12 2.875951
80 16 3.031131
80 20 3.043102
80 24 2.996629
80 28 2.994632
80 32 2.981003
80 36 2.968694
80 40 2.962054
80 44 2.954058
80 48 2.946447
80 52 2.941915
80 56 2.935135
80 60 2.935253
80 64 2.929542
80 68 2.929595
80 72 2.923368
80 76 2.922918
80 80 2.923608
80 84 2.916615
80 88 2.916667
80 92 2.916049
80 96 2.915804
80 100 2.920690
80 104 2.910777
80 108 2.912223
80 112 2.914849
80 116 2.917514
80 120 2.920277
 
84 0 3.235117
84 4 2.937830
84 8 2.896737
84 12 2.876531
84 16 3.031806
84 20 3.041677
84 24 3.000540
84 28 2.994098
84 32 2.981963
84 36 2.969458
84 40 2.962344
84 44 2.955148
84 48 2.948308
84 52 2.942148
84 56 2.934919
84 60 2.936645
84 64 2.928541
84 68 2.928951
84 72 2.922815
84 76 2.922169
84 80 2.923155
84 84 2.916709
84 88 2.915456
84 92 2.915168
84 96 2.915790
84 100 2.922122
84 104 2.909896
84 108 2.912024
84 112 2.913965
84 116 2.916261
84 120 2.918880
 
88 0 3.235394
88 4 2.941678
88 8 2.893568
88 12 2.875198
88 16 3.034501
88 20 3.040779
88 24 2.998729
88 28 2.996633
88 32 2.981827
88 36 2.968690
88 40 2.960929
88 44 2.955011
88 48 2.947015
88 52 2.940753
88 56 2.935753
88 60 2.934931
88 64 2.929006
88 68 2.928441
88 72 2.922040
88 76 2.921978
88 80 2.923536
88 84 2.916675
88 88 2.915378
88 92 2.915050
88 96 2.916108
88 100 2.922618
88 104 2.910826
88 108 2.912867
88 112 2.915775
88 116 2.917144
88 120 2.918721
 
92 0 3.235257
92 4 2.944958
92 8 2.892711
92 12 2.875189
92 16 3.033358
92 20 3.043494
92 24 2.999040
92 28 2.994410
92 32 2.981555
92 36 2.969851
92 40 2.960933
92 44 2.955200
92 48 2.945817
92 52 2.940290
92 56 2.934116
92 60 2.934360
92 64 2.929267
92 68 2.928717
92 72 2.923344
92 76 2.922780
92 80 2.922259
92 84 2.916004
92 88 2.916304
92 92 2.915912
92 96 2.914142
92 100 2.922397
92 104 2.911550
92 108 2.912223
92 112 2.914224
92 116 2.917301
92 120 2.918628
 
96 0 3.235022
96 4 2.943472
96 8 2.894698
96 12 2.875010
96 16 3.032128
96 20 3.040682
96 24 2.998585
96 28 2.995736
96 32 2.982391
96 36 2.969631
96 40 2.961746
96 44 2.954848
96 48 2.948047
96 52 2.940716
96 56 2.936493
96 60 2.935834
96 64 2.928836
96 68 2.928559
96 72 2.922964
96 76 2.923698
96 80 2.922099
96 84 2.916035
96 88 2.916377
96 92 2.916561
96 96 2.915100
96 100 2.923589
96 104 2.910733
96 108 2.913017
96 112 2.914588
96 116 2.916631
96 120 2.920109
 
100 0 3.235383
100 4 2.939457
100 8 2.891465
100 12 2.875996
100 16 3.033944
100 20 3.044068
100 24 2.999938
100 28 2.995841
100 32 2.981691
100 36 2.967824
100 40 2.961863
100 44 2.956692
100 48 2.947332
100 52 2.941050
100 56 2.935241
100 60 2.934945
100 64 2.929623
100 68 2.929109
100 72 2.922617
100 76 2.921763
100 80 2.923038
100 84 2.915734
100 88 2.916059
100 92 2.916004
100 96 2.915689
100 100 2.921481
100 104 2.911024
100 108 2.913338
100 112 2.915937
100 116 2.916324
100 120 2.919237
 
