1 1 3.106827
2 1 3.101989
3 1 3.099477
4 1 3.107350
5 1 3.100213
6 1 3.103499
7 1 3.111871
8 1 3.101884
9 1 3.102942
10 1 3.100709
11 1 3.107939
12 1 3.102686
13 1 3.102969
14 1 3.098296
15 1 3.102911
16 1 3.098604
17 1 3.103492
18 1 3.099773
19 1 3.100975
20 1 3.107133
21 1 3.098635
22 1 3.101844
23 1 3.096664
24 1 3.098715
25 1 3.100486
26 1 3.103783
27 1 3.096375
28 1 3.096438
29 1 3.097922
30 1 3.097001
31 1 3.101291
32 1 3.100463
33 1 3.094960
34 1 3.102427
35 1 3.096839
36 1 3.098903
 
1 2 2.997990
2 2 3.003975
3 2 3.000726
4 2 2.998169
5 2 2.995671
6 2 2.998401
7 2 2.993761
8 2 2.994683
9 2 2.996328
10 2 2.994494
11 2 2.996465
12 2 3.000249
13 2 2.992225
14 2 2.995892
15 2 2.993415
16 2 2.999561
17 2 2.998056
18 2 3.001705
19 2 2.998568
20 2 2.998858
21 2 2.990407
22 2 2.992623
23 2 3.000122
24 2 2.993531
25 2 2.991570
26 2 2.995897
27 2 2.996698
28 2 2.996735
29 2 2.997190
30 2 2.996272
31 2 2.992117
32 2 2.992311
33 2 3.000021
34 2 2.993379
35 2 2.997202
36 2 3.099688
 
1 3 3.093400
2 3 3.095912
3 3 3.101000
4 3 3.097507
5 3 3.097961
6 3 3.098949
7 3 3.093621
8 3 3.101261
9 3 3.102403
10 3 3.106162
11 3 3.103969
12 3 3.104327
13 3 3.100477
14 3 3.097677
15 3 3.094665
16 3 3.096507
17 3 3.092238
18 3 3.100237
19 3 3.098330
20 3 3.097178
21 3 3.090838
22 3 3.096515
23 3 3.096937
24 3 3.093013
25 3 3.093415
26 3 3.088373
27 3 3.097383
28 3 3.088683
29 3 3.092032
30 3 3.093670
31 3 3.088639
32 3 3.088989
33 3 3.091220
34 3 3.093846
35 3 3.095857
36 3 3.096947
 
1 4 3.326757
2 4 3.242848
3 4 3.222001
4 4 3.226968
5 4 3.212126
6 4 3.206040
7 4 3.211070
8 4 3.211193
9 4 3.205000
10 4 3.209834
11 4 3.206910
12 4 3.207086
13 4 3.201504
14 4 3.203593
15 4 3.204282
16 4 3.207865
17 4 3.200519
18 4 3.198757
19 4 3.195115
20 4 3.201834
21 4 3.200316
22 4 3.193868
23 4 3.192916
24 4 3.200307
25 4 3.193625
26 4 3.192111
27 4 3.188892
28 4 3.191621
29 4 3.198128
30 4 3.190208
31 4 3.189359
32 4 3.190147
33 4 3.188075
34 4 3.186164
35 4 3.189543
36 4 3.096855
 
1 5 3.370018
2 5 3.286531
3 5 3.268348
4 5 3.268623
5 5 3.256701
6 5 3.254111
7 5 3.254535
8 5 3.254542
9 5 3.246237
10 5 3.249121
11 5 3.242343
12 5 3.240195
13 5 3.236599
14 5 3.238132
15 5 3.246567
16 5 3.235485
17 5 3.233560
18 5 3.238141
19 5 3.232754
20 5 3.234198
21 5 3.231671
22 5 3.227364
23 5 3.226678
24 5 3.234574
25 5 3.237750
26 5 3.235266
27 5 3.239314
28 5 3.235323
29 5 3.229076
30 5 3.237543
31 5 3.240342
32 5 3.235638
33 5 3.235315
34 5 3.233474
35 5 3.237623
36 5 3.091533
 
1 6 3.166399
2 6 3.130883
3 6 3.114502
4 6 3.124255
5 6 3.116517
6 6 3.117647
7 6 3.111131
8 6 3.105479
9 6 3.100976
10 6 3.102927
11 6 3.095550
12 6 3.095325
13 6 3.098100
14 6 3.104503
15 6 3.101031
16 6 3.096324
17 6 3.093569
18 6 3.092545
19 6 3.097794
20 6 3.090238
21 6 3.097921
22 6 3.102583
23 6 3.097865
24 6 3.097861
25 6 3.096157
26 6 3.095692
27 6 3.094727
28 6 3.093460
29 6 3.087658
30 6 3.091146
31 6 3.089684
32 6 3.091348
33 6 3.089734
34 6 3.095277
35 6 3.089290
36 6 3.090067
 
1 7 3.237952
2 7 3.205093
3 7 3.190289
4 7 3.192167
5 7 3.191620
6 7 3.185769
7 7 3.176638
8 7 3.178484
9 7 3.174732
10 7 3.170662
11 7 3.174035
12 7 3.174449
13 7 3.168950
14 7 3.164461
15 7 3.164083
16 7 3.164749
17 7 3.162533
18 7 3.159030
19 7 3.159794
20 7 3.160604
21 7 3.166632
22 7 3.166406
23 7 3.162233
24 7 3.163831
25 7 3.162676
26 7 3.163270
27 7 3.161203
28 7 3.159304
29 7 3.163344
30 7 3.158223
31 7 3.158481
32 7 3.159978
33 7 3.163128
34 7 3.164314
35 7 3.152534
36 7 3.085289
 
1 8 3.315677
2 8 3.245340
3 8 3.222713
4 8 3.221779
5 8 3.210039
6 8 3.208591
7 8 3.207569
8 8 3.204272
9 8 3.199649
10 8 3.199975
11 8 3.196558
12 8 3.191129
13 8 3.193819
14 8 3.195224
15 8 3.195833
16 8 3.199942
17 8 3.192772
18 8 3.196103
19 8 3.189357
20 8 3.191689
21 8 3.182134
22 8 3.185129
23 8 3.186225
24 8 3.189507
25 8 3.190040
26 8 3.193518
27 8 3.187833
28 8 3.187102
29 8 3.184421
30 8 3.188729
31 8 3.188319
32 8 3.186501
33 8 3.185005
34 8 3.189702
35 8 3.186284
36 8 3.080668
 
1 9 3.199564
2 9 3.141018
3 9 3.136922
4 9 3.122491
5 9 3.121506
6 9 3.116456
7 9 3.111079
8 9 3.104225
9 9 3.101223
10 9 3.100327
11 9 3.107019
12 9 3.100557
13 9 3.096897
14 9 3.093552
15 9 3.097466
16 9 3.100676
17 9 3.103655
18 9 3.091473
19 9 3.095087
20 9 3.093114
21 9 3.093480
22 9 3.093562
23 9 3.099533
24 9 3.092504
25 9 3.099845
26 9 3.100663
27 9 3.093192
28 9 3.090919
29 9 3.099747
30 9 3.094604
31 9 3.098229
32 9 3.097816
33 9 3.096764
34 9 3.099005
35 9 3.101024
36 9 3.087304
 
1 10 3.294330
2 10 3.196579
3 10 3.177372
4 10 3.174202
5 10 3.164042
6 10 3.162733
7 10 3.161260
8 10 3.158660
9 10 3.154402
10 10 3.151878
11 10 3.154303
12 10 3.148879
13 10 3.147062
14 10 3.148804
15 10 3.152168
16 10 3.144132
17 10 3.146206
18 10 3.133791
19 10 3.139632
20 10 3.136510
21 10 3.133807
22 10 3.139039
23 10 3.132544
24 10 3.135477
25 10 3.136460
26 10 3.140728
27 10 3.144106
28 10 3.146371
29 10 3.153464
30 10 3.140165
31 10 3.136291
32 10 3.139348
33 10 3.138499
34 10 3.138993
35 10 3.136842
36 10 3.083644
 
1 11 3.252653
2 11 3.196171
3 11 3.174490
4 11 3.167841
5 11 3.168034
6 11 3.157117
7 11 3.156293
8 11 3.152980
9 11 3.147581
10 11 3.153740
11 11 3.153586
12 11 3.144524
13 11 3.147290
14 11 3.140665
15 11 3.145838
16 11 3.137077
17 11 3.143506
18 11 3.137343
19 11 3.135728
20 11 3.132702
21 11 3.136781
22 11 3.134722
23 11 3.139450
24 11 3.139843
25 11 3.138533
26 11 3.140316
27 11 3.140571
28 11 3.139171
29 11 3.139071
30 11 3.138838
31 11 3.142517
32 11 3.142484
33 11 3.137096
34 11 3.134768
35 11 3.142966
36 11 3.088996
 
1 12 3.214791
2 12 3.151485
3 12 3.124183
4 12 3.125187
5 12 3.122132
6 12 3.124646
7 12 3.119297
8 12 3.114299
9 12 3.109263
10 12 3.112634
11 12 3.113218
12 12 3.106110
13 12 3.103750
14 12 3.104887
15 12 3.104174
16 12 3.099186
17 12 3.106175
18 12 3.113413
19 12 3.210576
20 12 3.207293
21 12 3.222278
22 12 3.218163
23 12 3.213063
24 12 3.205880
25 12 3.215148
26 12 3.215530
27 12 3.227903
28 12 3.217907
29 12 3.209357
30 12 3.213442
31 12 3.219444
32 12 3.211007
33 12 3.220247
34 12 3.222144
35 12 3.217904
36 12 3.216612
 
1 13 3.362938
2 13 3.269647
3 13 3.254367
4 13 3.250462
5 13 3.254802
6 13 3.262352
7 13 3.252527
8 13 3.252205
9 13 3.251864
10 13 3.247681
11 13 3.250181
12 13 3.231910
13 13 3.241292
14 13 3.239773
15 13 3.245656
16 13 3.237741
17 13 3.237277
18 13 3.233817
19 13 3.232419
20 13 3.232346
21 13 3.230710
22 13 3.231178
23 13 3.234674
24 13 3.235090
25 13 3.234373
26 13 3.225435
27 13 3.230685
28 13 3.230365
29 13 3.237426
30 13 3.231130
31 13 3.239367
32 13 3.235450
33 13 3.230406
34 13 3.231274
35 13 3.232893
36 13 3.200003
 
1 14 3.340373
2 14 3.315432
3 14 3.301150
4 14 3.290847
5 14 3.290620
6 14 3.290471
7 14 3.295120
8 14 3.291620
9 14 3.285335
10 14 3.288206
11 14 3.282189
12 14 3.278203
13 14 3.274770
14 14 3.277708
15 14 3.275914
16 14 3.268458
17 14 3.278200
18 14 3.263255
19 14 3.260276
20 14 3.261373
21 14 3.258184
22 14 3.261197
23 14 3.260000
24 14 3.265304
25 14 3.256973
26 14 3.268704
27 14 3.267793
28 14 3.272985
29 14 3.266532
30 14 3.270353
31 14 3.266731
32 14 3.266973
33 14 3.264378
34 14 3.267761
35 14 3.263647
36 14 3.212131
 
1 15 3.294535
2 15 3.250556
3 15 3.230784
4 15 3.231744
5 15 3.244900
6 15 3.238780
7 15 3.236208
8 15 3.234890
9 15 3.227798
10 15 3.232916
11 15 3.231943
12 15 3.224518
13 15 3.228722
14 15 3.217325
15 15 3.221823
16 15 3.221843
17 15 3.233072
18 15 3.250312
19 15 3.255230
20 15 3.262087
21 15 3.252144
22 15 3.258506
23 15 3.269418
24 15 3.253464
25 15 3.267300
26 15 3.250654
27 15 3.259328
28 15 3.256359
29 15 3.264316
30 15 3.262441
31 15 3.263951
32 15 3.257949
33 15 3.265172
34 15 3.264767
35 15 3.257791
36 15 3.250840
 
1 16 3.392349
2 16 3.305215
3 16 3.294625
4 16 3.297279
5 16 3.306221
6 16 3.301967
7 16 3.302332
8 16 3.291660
9 16 3.294081
10 16 3.284289
11 16 3.288962
12 16 3.284385
13 16 3.285164
14 16 3.281947
15 16 3.280542
16 16 3.278656
17 16 3.276744
18 16 3.271748
19 16 3.268730
20 16 3.276747
21 16 3.263284
22 16 3.271312
23 16 3.273952
24 16 3.268671
25 16 3.277301
26 16 3.274643
27 16 3.276180
28 16 3.278762
29 16 3.281549
30 16 3.273301
31 16 3.283192
32 16 3.277936
33 16 3.280945
34 16 3.272212
35 16 3.278481
36 16 3.255206
 
1 17 3.410945
2 17 3.325254
3 17 3.312908
4 17 3.316536
5 17 3.327229
6 17 3.322442
7 17 3.318583
8 17 3.312010
9 17 3.318905
10 17 3.299731
11 17 3.298817
12 17 3.290896
13 17 3.300706
14 17 3.290002
15 17 3.296494
16 17 3.290969
17 17 3.295161
18 17 3.288943
19 17 3.281032
20 17 3.284147
21 17 3.293741
22 17 3.293166
23 17 3.284446
24 17 3.285190
25 17 3.283385
26 17 3.299402
27 17 3.290384
28 17 3.292066
29 17 3.296870
30 17 3.301463
31 17 3.300146
32 17 3.287452
33 17 3.281095
34 17 3.286955
35 17 3.288946
36 17 3.248104
 
1 18 3.313308
2 18 3.290180
3 18 3.272744
4 18 3.276996
5 18 3.292750
6 18 3.289597
7 18 3.288599
8 18 3.280855
9 18 3.271637
10 18 3.275611
11 18 3.273284
12 18 3.265396
13 18 3.267093
14 18 3.268906
15 18 3.267114
16 18 3.266029
17 18 3.260333
18 18 3.254894
19 18 3.257343
20 18 3.257030
21 18 3.250590
22 18 3.265688
23 18 3.255304
24 18 3.253845
25 18 3.257450
26 18 3.254930
27 18 3.259183
28 18 3.257418
29 18 3.263855
30 18 3.261319
31 18 3.264426
32 18 3.262465
33 18 3.261520
34 18 3.265162
35 18 3.268832
36 18 3.257590
 
1 19 3.394912
2 19 3.308788
3 19 3.295485
4 19 3.301939
5 19 3.310362
6 19 3.315208
7 19 3.313484
8 19 3.303415
9 19 3.299730
10 19 3.297644
11 19 3.295200
12 19 3.292154
13 19 3.287752
14 19 3.281311
15 19 3.280634
16 19 3.280897
17 19 3.278211
18 19 3.280648
19 19 3.287675
20 19 3.276179
21 19 3.269467
22 19 3.272128
23 19 3.275615
24 19 3.280477
25 19 3.277085
26 19 3.283056
27 19 3.283368
28 19 3.282481
29 19 3.280503
30 19 3.272558
31 19 3.283000
32 19 3.282208
33 19 3.288093
34 19 3.286877
35 19 3.275246
36 19 3.252363
 
1 20 3.414068
2 20 3.331779
3 20 3.319858
4 20 3.321011
5 20 3.336122
6 20 3.332240
7 20 3.323954
8 20 3.318390
9 20 3.308065
10 20 3.316668
11 20 3.303963
12 20 3.294685
13 20 3.298836
14 20 3.303186
15 20 3.293309
16 20 3.303900
17 20 3.301861
18 20 3.286795
19 20 3.290446
20 20 3.286942
21 20 3.294047
22 20 3.295467
23 20 3.290050
24 20 3.294552
25 20 3.289962
26 20 3.294233
27 20 3.291603
28 20 3.290205
29 20 3.294043
30 20 3.293769
31 20 3.294114
32 20 3.293755
33 20 3.295934
34 20 3.296580
35 20 3.285928
36 20 3.267226
 
1 21 3.305515
2 21 3.288139
3 21 3.284630
4 21 3.292234
5 21 3.304323
6 21 3.291751
7 21 3.288557
8 21 3.274490
9 21 3.276448
10 21 3.273921
11 21 3.269532
12 21 3.261622
13 21 3.264447
14 21 3.256030
15 21 3.261866
16 21 3.254215
17 21 3.259073
18 21 3.261994
19 21 3.252931
20 21 3.259488
21 21 3.253026
22 21 3.259791
23 21 3.260774
24 21 3.250262
25 21 3.252284
26 21 3.252637
27 21 3.250557
28 21 3.265671
29 21 3.256656
30 21 3.259153
31 21 3.266476
32 21 3.268384
33 21 3.273001
34 21 3.257612
35 21 3.259235
36 21 3.250946
 
1 22 3.329612
2 22 3.313786
3 22 3.299110
4 22 3.309924
5 22 3.322892
6 22 3.319036
7 22 3.313308
8 22 3.296747
9 22 3.287848
10 22 3.295187
11 22 3.290858
12 22 3.285184
13 22 3.283501
14 22 3.274502
15 22 3.280006
16 22 3.276361
17 22 3.284946
18 22 3.260247
19 22 3.270396
20 22 3.271791
21 22 3.271445
22 22 3.275422
23 22 3.281430
24 22 3.278765
25 22 3.268422
26 22 3.278084
27 22 3.276545
28 22 3.278567
29 22 3.277345
30 22 3.280442
31 22 3.267344
32 22 3.270218
33 22 3.276625
34 22 3.285249
35 22 3.271094
36 22 3.258090
 
1 23 3.323966
2 23 3.310832
3 23 3.303181
4 23 3.308817
5 23 3.313994
6 23 3.314482
7 23 3.309198
8 23 3.299960
9 23 3.295500
10 23 3.287631
11 23 3.289303
12 23 3.276710
13 23 3.287425
14 23 3.276168
15 23 3.281883
16 23 3.282091
17 23 3.273776
18 23 3.268363
19 23 3.275170
20 23 3.265974
21 23 3.277620
22 23 3.271227
23 23 3.273701
24 23 3.283715
25 23 3.277297
26 23 3.289059
27 23 3.292119
28 23 3.275014
29 23 3.276264
30 23 3.289171
31 23 3.284090
32 23 3.275545
33 23 3.275864
34 23 3.273352
35 23 3.275741
36 23 3.258410
 
1 24 3.307782
2 24 3.286201
3 24 3.277087
4 24 3.284360
5 24 3.297171
6 24 3.301324
7 24 3.285839
8 24 3.287600
9 24 3.274354
10 24 3.271077
11 24 3.268184
12 24 3.269102
13 24 3.261242
14 24 3.271280
15 24 3.263441
16 24 3.261828
17 24 3.252439
18 24 3.261405
19 24 3.257368
20 24 3.246172
21 24 3.265639
22 24 3.259727
23 24 3.255148
24 24 3.258135
25 24 3.259516
26 24 3.258964
27 24 3.256309
28 24 3.257370
29 24 3.272249
30 24 3.272556
31 24 3.268305
32 24 3.254127
33 24 3.264807
34 24 3.263115
35 24 3.255631
36 24 3.257985
 
1 25 3.335070
2 25 3.316316
3 25 3.310881
4 25 3.310082
5 25 3.319232
6 25 3.323631
7 25 3.310286
8 25 3.304801
9 25 3.291223
10 25 3.288492
11 25 3.291957
12 25 3.291060
13 25 3.288916
14 25 3.286536
15 25 3.285195
16 25 3.279831
17 25 3.281818
18 25 3.272711
19 25 3.270107
20 25 3.269899
21 25 3.265571
22 25 3.273510
23 25 3.276967
24 25 3.274690
25 25 3.275300
26 25 3.278737
27 25 3.282350
28 25 3.282088
29 25 3.279902
30 25 3.271503
31 25 3.279057
32 25 3.282330
33 25 3.275541
34 25 3.276739
35 25 3.277718
36 25 3.253593
 
1 26 3.333379
2 26 3.313813
3 26 3.307789
4 26 3.309607
5 26 3.314727
6 26 3.316998
7 26 3.308898
8 26 3.300912
9 26 3.299897
10 26 3.294513
11 26 3.289531
12 26 3.281232
13 26 3.280258
14 26 3.290411
15 26 3.283963
16 26 3.279363
17 26 3.277045
18 26 3.276254
19 26 3.280395
20 26 3.265279
21 26 3.276287
22 26 3.267002
23 26 3.276007
24 26 3.276089
25 26 3.281137
26 26 3.282338
27 26 3.284577
28 26 3.286700
29 26 3.277750
30 26 3.276920
31 26 3.272906
32 26 3.277501
33 26 3.275477
34 26 3.272942
35 26 3.281727
36 26 3.255984
 
