1 1 3.381476
1 2 3.388909
1 3 3.375051
1 4 3.375382
1 5 3.353610
1 6 3.348479
1 7 3.362888
1 8 3.338768
1 9 3.337124
1 10 3.333710
1 11 3.331163
1 12 3.347895
1 13 3.345054
1 14 3.343493
1 15 3.344073
1 16 3.342717
1 17 3.340818
1 18 3.341607
1 19 3.326853
1 20 3.342725
 
2 1 3.349478
2 2 3.335419
2 3 3.313773
2 4 3.272662
2 5 3.359120
2 6 3.512539
2 7 3.525747
2 8 3.514020
2 9 3.526027
2 10 3.504582
2 11 3.509993
2 12 3.521096
2 13 3.522896
2 14 3.506592
2 15 3.603069
2 16 3.636433
2 17 3.627679
2 18 3.642105
2 19 3.645644
2 20 3.651538
 
3 1 3.359414
3 2 3.376295
3 3 3.355275
3 4 3.333814
3 5 3.311258
3 6 3.332393
3 7 3.341157
3 8 3.358042
3 9 3.388576
3 10 3.419843
3 11 3.430931
3 12 3.436847
3 13 3.436661
3 14 3.439561
3 15 3.440020
3 16 3.439399
3 17 3.451815
3 18 3.449167
3 19 3.453231
3 20 3.465343
 
4 1 3.215391
4 2 3.217087
4 3 3.177987
4 4 3.163107
4 5 3.153219
4 6 3.170631
4 7 3.186668
4 8 3.208802
4 9 3.268711
4 10 3.314044
4 11 3.313003
4 12 3.317632
4 13 3.324705
4 14 3.336633
4 15 3.329928
4 16 3.335604
4 17 3.329937
4 18 3.334277
4 19 3.343109
4 20 3.366929
 
5 1 3.084739
5 2 3.116800
5 3 3.088883
5 4 3.075625
5 5 3.060782
5 6 3.083010
5 7 3.113250
5 8 3.131122
5 9 3.187490
5 10 3.232311
5 11 3.246939
5 12 3.255622
5 13 3.272724
5 14 3.271242
5 15 3.280196
5 16 3.273883
5 17 3.277871
5 18 3.284182
5 19 3.292054
5 20 3.315530
 
6 1 3.021174
6 2 3.053514
6 3 3.009994
6 4 3.026084
6 5 3.012605
6 6 3.041354
6 7 3.060512
6 8 3.082783
6 9 3.137020
6 10 3.209522
6 11 3.219063
6 12 3.230002
6 13 3.243751
6 14 3.248594
6 15 3.244943
6 16 3.247382
6 17 3.244709
6 18 3.256695
6 19 3.258643
6 20 3.262221
 
7 1 2.960732
7 2 2.995044
7 3 2.998747
7 4 2.997220
7 5 2.970070
7 6 2.979282
7 7 2.997972
7 8 3.031387
7 9 3.082802
7 10 3.152225
7 11 3.168387
7 12 3.178936
7 13 3.187060
7 14 3.192070
7 15 3.196807
7 16 3.197176
7 17 3.206875
7 18 3.214707
7 19 3.232723
7 20 3.244873
 
8 1 2.980372
8 2 3.032683
8 3 3.017257
8 4 2.994395
8 5 2.973242
8 6 2.986536
8 7 3.010480
8 8 3.031045
8 9 3.081535
8 10 3.158400
8 11 3.179911
8 12 3.178604
8 13 3.197059
8 14 3.199035
8 15 3.197734
8 16 3.196283
8 17 3.204885
8 18 3.210350
8 19 3.222807
8 20 3.232098
 
9 1 3.016878
9 2 3.079348
9 3 3.022585
9 4 3.009106
9 5 2.991516
9 6 3.004438
9 7 3.010613
9 8 3.033001
9 9 3.082087
9 10 3.163027
9 11 3.176365
9 12 3.182646
9 13 3.197620
9 14 3.206879
9 15 3.207781
9 16 3.205117
9 17 3.203561
9 18 3.215667
9 19 3.223712
9 20 3.237586
 
10 1 3.087026
10 2 3.113661
10 3 3.060795
10 4 3.017407
10 5 3.004801
10 6 2.998615
10 7 3.001714
10 8 3.015741
10 9 3.052994
10 10 3.135622
10 11 3.147317
10 12 3.149508
10 13 3.165633
10 14 3.167484
10 15 3.167382
10 16 3.163293
10 17 3.171066
10 18 3.173239
10 19 3.185674
10 20 3.199653
 
11 1 3.072717
11 2 3.099611
11 3 3.046342
11 4 3.009595
11 5 2.978145
11 6 2.970135
11 7 2.973586
11 8 2.997207
11 9 3.044217
11 10 3.117717
11 11 3.138029
11 12 3.138423
11 13 3.151562
11 14 3.160138
11 15 3.157794
11 16 3.154610
11 17 3.159885
11 18 3.167539
11 19 3.173081
11 20 3.193650
 
12 1 3.066630
12 2 3.122679
12 3 3.055954
12 4 3.015620
12 5 2.973368
12 6 2.962156
12 7 2.963107
12 8 2.989337
12 9 3.029171
12 10 3.105758
12 11 3.116368
12 12 3.121639
12 13 3.128846
12 14 3.125833
12 15 3.116917
12 16 3.106674
12 17 3.099092
12 18 3.106173
12 19 3.112497
12 20 3.125350
 
13 1 3.029729
13 2 3.090647
13 3 2.985172
13 4 2.932819
13 5 2.894220
13 6 2.893501
13 7 2.909310
13 8 2.953343
13 9 3.009671
13 10 3.085481
13 11 3.125275
13 12 3.138845
13 13 3.156717
13 14 3.162693
13 15 3.164619
13 16 3.162482
13 17 3.167872
13 18 3.174601
13 19 3.192671
13 20 3.208155
 
14 1 3.114332
14 2 3.199474
14 3 3.086587
14 4 3.038252
14 5 2.989201
14 6 2.975931
14 7 2.973899
14 8 2.995847
14 9 3.043528
14 10 3.111154
14 11 3.120402
14 12 3.125181
14 13 3.138208
14 14 3.139192
14 15 3.139464
14 16 3.139822
14 17 3.143513
14 18 3.150176
14 19 3.161573
14 20 3.177755
 
15 1 3.075466
15 2 3.174261
15 3 3.051993
15 4 2.991835
15 5 2.955513
15 6 2.936524
15 7 2.934715
15 8 2.962861
15 9 3.012370
15 10 3.096289
15 11 3.106576
15 12 3.116935
15 13 3.127897
15 14 3.138052
15 15 3.135057
15 16 3.135092
15 17 3.142960
15 18 3.151403
15 19 3.161761
15 20 3.175768
 
16 1 3.106649
16 2 3.166797
16 3 3.052720
16 4 2.994434
16 5 2.949624
16 6 2.932456
16 7 2.930321
16 8 2.952612
16 9 2.999308
16 10 3.085160
16 11 3.100662
16 12 3.106886
16 13 3.116375
16 14 3.124952
16 15 3.122872
16 16 3.104231
16 17 3.097213
16 18 3.106654
16 19 3.118434
16 20 3.128566
 
17 1 3.059888
17 2 3.134288
17 3 2.979123
17 4 2.913665
17 5 2.871657
17 6 2.852710
17 7 2.849636
17 8 2.862387
17 9 2.917778
17 10 2.999828
17 11 3.019473
17 12 3.050486
17 13 3.120902
17 14 3.131056
17 15 3.131240
17 16 3.128304
17 17 3.138178
17 18 3.144092
17 19 3.156746
17 20 3.175005
 
18 1 3.136468
18 2 3.200031
18 3 3.071934
18 4 3.015455
18 5 2.972081
18 6 2.955138
18 7 2.958086
18 8 2.973604
18 9 3.028186
18 10 3.112425
18 11 3.133893
18 12 3.135363
18 13 3.135322
18 14 3.138436
18 15 3.133259
18 16 3.129222
18 17 3.132941
18 18 3.140889
18 19 3.154789
18 20 3.167362
 
19 1 3.146408
19 2 3.175655
19 3 3.037102
19 4 2.978616
19 5 2.931232
19 6 2.917518
19 7 2.921431
19 8 2.939135
19 9 2.992984
19 10 3.081378
19 11 3.092639
19 12 3.103254
19 13 3.117367
19 14 3.122728
19 15 3.126317
19 16 3.121867
19 17 3.126280
19 18 3.130119
19 19 3.141926
19 20 3.156902
 
20 1 3.162002
20 2 3.163745
20 3 3.029810
20 4 2.979197
20 5 2.930982
20 6 2.917954
20 7 2.917098
20 8 2.945836
20 9 2.995146
20 10 3.076771
20 11 3.097246
20 12 3.103071
20 13 3.119828
20 14 3.126486
20 15 3.123427
20 16 3.119095
20 17 3.123934
20 18 3.131371
20 19 3.148627
20 20 3.164818
 
21 1 3.190070
21 2 3.173691
21 3 3.031379
21 4 2.972070
21 5 2.927693
21 6 2.922099
21 7 2.923364
21 8 2.940054
21 9 2.998518
21 10 3.086182
21 11 3.098940
21 12 3.107388
21 13 3.123464
21 14 3.133038
21 15 3.130231
21 16 3.125980
21 17 3.132527
21 18 3.138427
21 19 3.145652
21 20 3.156312
 
22 1 3.218998
22 2 3.168881
22 3 3.021910
22 4 2.965867
22 5 2.922756
22 6 2.913753
22 7 2.910251
22 8 2.920000
22 9 2.973834
22 10 3.057193
22 11 3.062549
22 12 3.069332
22 13 3.085447
22 14 3.090336
22 15 3.076383
22 16 3.047927
22 17 3.047823
22 18 3.048822
22 19 3.055582
22 20 3.076307
 
23 1 3.152072
23 2 3.088930
23 3 2.974311
23 4 2.964952
23 5 2.923693
23 6 2.910117
23 7 2.910105
23 8 2.929622
23 9 3.005432
23 10 3.099130
23 11 3.121348
23 12 3.129247
23 13 3.148521
23 14 3.154632
23 15 3.156402
23 16 3.149574
23 17 3.155100
23 18 3.163604
23 19 3.173297
23 20 3.192456
 
24 1 3.260019
24 2 3.183928
24 3 3.042793
24 4 2.968929
24 5 2.919410
24 6 2.910361
24 7 2.904624
24 8 2.926351
24 9 2.984929
24 10 3.070945
24 11 3.091748
24 12 3.095456
24 13 3.115936
24 14 3.121756
24 15 3.116379
24 16 3.115870
24 17 3.117701
24 18 3.126688
24 19 3.140878
24 20 3.155928
 
25 1 3.212331
25 2 3.148659
25 3 3.019201
25 4 2.964630
25 5 2.918346
25 6 2.908788
25 7 2.902750
25 8 2.934017
25 9 2.983420
25 10 3.076246
25 11 3.092133
25 12 3.097952
25 13 3.116979
25 14 3.123436
25 15 3.118519
25 16 3.115675
25 17 3.116815
25 18 3.125758
25 19 3.139107
25 20 3.156529
 
26 1 3.233863
26 2 3.155451
26 3 3.025041
26 4 2.965031
26 5 2.923067
26 6 2.905701
26 7 2.903800
26 8 2.930678
26 9 2.987903
26 10 3.075109
26 11 3.092813
26 12 3.100341
26 13 3.111011
26 14 3.116368
26 15 3.119151
26 16 3.105980
26 17 3.113691
26 18 3.116961
26 19 3.119998
26 20 3.131332
 
27 1 3.203214
27 2 3.124109
27 3 2.959357
27 4 2.896628
27 5 2.853004
27 6 2.828699
27 7 2.827893
27 8 2.853711
27 9 2.908638
27 10 2.996671
27 11 3.010522
27 12 3.020938
27 13 3.031564
27 14 3.038850
27 15 3.037513
27 16 3.027778
27 17 3.035830
27 18 3.036093
27 19 3.053966
27 20 3.109826
 
28 1 3.216857
28 2 3.165673
28 3 3.023867
28 4 2.990150
28 5 2.946195
28 6 2.930573
28 7 2.930923
28 8 2.962013
28 9 3.007453
28 10 3.088172
28 11 3.103267
28 12 3.107910
28 13 3.124010
28 14 3.124675
28 15 3.124667
28 16 3.123534
28 17 3.121466
28 18 3.128446
28 19 3.140822
28 20 3.150514
 
29 1 3.213474
29 2 3.151243
29 3 3.014287
29 4 2.960850
29 5 2.912997
29 6 2.902543
29 7 2.900310
29 8 2.928057
29 9 2.978263
29 10 3.069241
29 11 3.086169
29 12 3.098174
29 13 3.112083
29 14 3.118980
29 15 3.117090
29 16 3.107144
29 17 3.116785
29 18 3.122562
29 19 3.127611
29 20 3.144113
 
30 1 3.216309
30 2 3.149369
30 3 3.013847
30 4 2.954561
30 5 2.919988
30 6 2.906896
30 7 2.900085
30 8 2.924736
30 9 2.980478
30 10 3.070951
30 11 3.092201
30 12 3.100755
30 13 3.109331
30 14 3.115636
30 15 3.118015
30 16 3.107985
30 17 3.114203
30 18 3.117640
30 19 3.135249
30 20 3.145675
 
31 1 3.220601
31 2 3.139989
31 3 3.008531
31 4 2.959549
31 5 2.918195
31 6 2.900087
31 7 2.907793
31 8 2.932046
31 9 2.982896
31 10 3.070629
31 11 3.095215
31 12 3.098352
31 13 3.114671
31 14 3.122479
31 15 3.120202
31 16 3.083572
31 17 3.069776
31 18 3.070692
31 19 3.079643
31 20 3.099541
 
32 1 3.166256
32 2 3.099099
32 3 2.958548
32 4 2.892333
32 5 2.854850
32 6 2.832914
32 7 2.833235
32 8 2.864747
32 9 2.913065
32 10 2.998389
32 11 3.023640
32 12 3.028238
32 13 3.039449
32 14 3.039103
32 15 3.038716
32 16 3.029159
32 17 3.028327
32 18 3.039036
32 19 3.043517
32 20 3.066073
 
33 1 3.213803
33 2 3.146109
33 3 3.011326
33 4 2.955912
33 5 2.915165
33 6 2.902631
33 7 2.902790
33 8 2.927103
33 9 2.983364
33 10 3.070196
33 11 3.089066
33 12 3.097892
33 13 3.113600
33 14 3.117266
33 15 3.115369
33 16 3.110385
33 17 3.119696
33 18 3.121831
33 19 3.137585
33 20 3.154134
 
34 1 3.218364
34 2 3.153069
34 3 3.020667
34 4 2.967412
34 5 2.927858
34 6 2.915711
34 7 2.916954
34 8 2.941056
34 9 2.996500
34 10 3.082494
34 11 3.102375
34 12 3.111665
34 13 3.126684
34 14 3.135496
34 15 3.134912
34 16 3.124184
34 17 3.129690
34 18 3.134693
34 19 3.136967
34 20 3.148725
 
35 1 3.222426
35 2 3.148489
35 3 3.006272
35 4 2.928092
35 5 2.888428
35 6 2.882350
35 7 2.893555
35 8 2.917595
35 9 2.972508
35 10 3.058651
35 11 3.077820
35 12 3.082891
35 13 3.101254
35 14 3.103121
35 15 3.102934
35 16 3.095952
35 17 3.104402
35 18 3.124885
35 19 3.136238
35 20 3.152108
 
36 1 3.221547
36 2 3.147016
36 3 3.016238
36 4 2.960550
36 5 2.921031
36 6 2.908044
36 7 2.916498
36 8 2.938050
36 9 2.994050
36 10 3.084290
36 11 3.105615
36 12 3.112048
36 13 3.126197
36 14 3.131749
36 15 3.134311
36 16 3.130401
36 17 3.137589
36 18 3.146795
36 19 3.162197
36 20 3.179633
 
37 1 3.250929
37 2 3.176482
37 3 3.043326
37 4 2.989451
37 5 2.948483
37 6 2.934774
37 7 2.937550
37 8 2.960709
37 9 3.016578
37 10 3.098541
37 11 3.097523
37 12 3.101235
37 13 3.116439
37 14 3.123193
37 15 3.117292
37 16 3.105660
37 17 3.111250
37 18 3.118689
37 19 3.128298
37 20 3.145517
 
38 1 3.215290
38 2 3.146091
38 3 3.012331
38 4 2.957668
38 5 2.919600
38 6 2.907402
38 7 2.908946
38 8 2.931118
38 9 2.988523
38 10 3.070866
38 11 3.091982
38 12 3.097507
38 13 3.114317
38 14 3.119130
38 15 3.116365
38 16 3.109173
38 17 3.115037
38 18 3.121284
38 19 3.131358
38 20 3.147058
 
39 1 3.215552
39 2 3.154698
39 3 3.018626
39 4 2.969892
39 5 2.924920
39 6 2.912410
39 7 2.915071
39 8 2.927312
39 9 2.977170
39 10 3.063281
39 11 3.076492
39 12 3.078505
39 13 3.085437
39 14 3.091238
39 15 3.085086
39 16 3.078790
39 17 3.065920
39 18 3.047623
39 19 3.054637
39 20 3.069400
 
40 1 3.163132
40 2 3.086131
40 3 2.977011
40 4 2.971895
40 5 2.933168
40 6 2.925793
40 7 2.922273
40 8 2.946614
40 9 3.006171
40 10 3.103175
40 11 3.122368
40 12 3.130892
40 13 3.148317
40 14 3.150165
40 15 3.125938
40 16 3.116471
40 17 3.123208
40 18 3.129038
40 19 3.135782
40 20 3.150412
 
