1 1 3.738541
1 1 3.739822
1 2 3.737609
1 3 3.737839
1 4 3.738377
1 5 3.737686
1 6 3.738699
1 7 3.738192
1 8 3.737495
1 9 3.738985
1 10 3.737338
1 11 3.739752
1 12 3.737330
1 13 3.736880
1 14 3.740762
1 15 3.739301
1 16 3.738774
1 17 3.739074
1 18 3.738384
1 19 3.738331
 
2 1 3.763512
2 2 3.778687
2 3 3.725067
2 4 3.687400
2 5 3.666007
2 6 3.654840
2 7 3.652248
2 8 3.649509
2 9 3.646078
2 10 3.637097
2 11 3.636451
2 12 3.633737
2 13 3.632783
2 14 3.629850
2 15 3.627394
2 16 3.629660
2 17 3.630619
2 18 3.628010
2 19 3.632779
 
3 1 3.587201
3 2 3.556571
3 3 3.495217
3 4 3.458346
3 5 3.433591
3 6 3.431081
3 7 3.427000
3 8 3.433630
3 9 3.444848
3 10 3.453853
3 11 3.463201
3 12 3.467286
3 13 3.471872
3 14 3.473826
3 15 3.473267
3 16 3.475154
3 17 3.477176
3 18 3.475371
3 19 3.477318
 
4 1 3.470842
4 2 3.420412
4 3 3.351695
4 4 3.329939
4 5 3.308625
4 6 3.311722
4 7 3.317282
4 8 3.328077
4 9 3.346322
4 10 3.359386
4 11 3.367678
4 12 3.374284
4 13 3.379985
4 14 3.385799
4 15 3.383776
4 16 3.382025
4 17 3.386846
4 18 3.386354
4 19 3.389054
 
5 1 3.386545
5 2 3.353588
5 3 3.295696
5 4 3.272856
5 5 3.255057
5 6 3.257779
5 7 3.263629
5 8 3.270680
5 9 3.288054
5 10 3.303756
5 11 3.315616
5 12 3.322055
5 13 3.328956
5 14 3.335187
5 15 3.336215
5 16 3.338317
5 17 3.340430
5 18 3.341591
5 19 3.344991
 
6 1 3.334854
6 2 3.302169
6 3 3.242068
6 4 3.228549
6 5 3.210185
6 6 3.215454
6 7 3.220511
6 8 3.228577
6 9 3.249879
6 10 3.266787
6 11 3.279150
6 12 3.285722
6 13 3.295238
6 14 3.301274
6 15 3.304293
6 16 3.303869
6 17 3.306720
6 18 3.309517
6 19 3.311998
 
7 1 3.289797
7 2 3.266260
7 3 3.221887
7 4 3.207046
7 5 3.185542
7 6 3.188729
7 7 3.192466
7 8 3.199343
7 9 3.219666
7 10 3.238792
7 11 3.253055
7 12 3.261019
7 13 3.270677
7 14 3.277284
7 15 3.279607
7 16 3.282128
7 17 3.286078
7 18 3.286250
7 19 3.292492
 
8 1 3.295514
8 2 3.268532
8 3 3.219622
8 4 3.199127
8 5 3.175400
8 6 3.176394
8 7 3.177810
8 8 3.186069
8 9 3.208291
8 10 3.228826
8 11 3.242312
8 12 3.251672
8 13 3.259462
8 14 3.267677
8 15 3.268102
8 16 3.269140
8 17 3.272927
8 18 3.274257
8 19 3.278147
 
9 1 3.310793
9 2 3.281649
9 3 3.222517
9 4 3.196635
9 5 3.172671
9 6 3.168999
9 7 3.169794
9 8 3.174746
9 9 3.196897
9 10 3.216436
9 11 3.228530
9 12 3.237359
9 13 3.245061
9 14 3.262085
9 15 3.255516
9 16 3.256613
9 17 3.260469
9 18 3.261737
9 19 3.267078
 
10 1 3.321629
10 2 3.296516
10 3 3.227154
10 4 3.199903
10 5 3.171792
10 6 3.164387
10 7 3.161461
10 8 3.165883
10 9 3.186378
10 10 3.206106
10 11 3.218490
10 12 3.227082
10 13 3.235266
10 14 3.245006
10 15 3.246254
10 16 3.248147
10 17 3.251583
10 18 3.253724
10 19 3.258146
 
11 1 3.333107
11 2 3.312615
11 3 3.231922
11 4 3.198683
11 5 3.167324
11 6 3.157796
11 7 3.151080
11 8 3.153571
11 9 3.175033
11 10 3.194611
11 11 3.207658
11 12 3.217802
11 13 3.226644
11 14 3.236108
11 15 3.238098
11 16 3.238995
11 17 3.241144
11 18 3.245052
11 19 3.251170
 
12 1 3.343438
12 2 3.329854
12 3 3.240393
12 4 3.201484
12 5 3.165136
12 6 3.151394
12 7 3.144098
12 8 3.145856
12 9 3.166492
12 10 3.187087
12 11 3.200158
12 12 3.210015
12 13 3.219273
12 14 3.229545
12 15 3.231914
12 16 3.233384
12 17 3.236085
12 18 3.241063
12 19 3.245002
 
13 1 3.350264
13 2 3.344706
13 3 3.245462
13 4 3.201207
13 5 3.161436
13 6 3.145294
13 7 3.136587
13 8 3.138807
13 9 3.158011
13 10 3.179932
13 11 3.192985
13 12 3.203193
13 13 3.213717
13 14 3.224731
13 15 3.226288
13 16 3.228928
13 17 3.233565
13 18 3.236354
13 19 3.241096
 
14 1 3.362618
14 2 3.361283
14 3 3.250589
14 4 3.202366
14 5 3.158969
14 6 3.140993
14 7 3.139726
14 8 3.133546
14 9 3.154694
14 10 3.176471
14 11 3.189391
14 12 3.201009
14 13 3.211631
14 14 3.222276
14 15 3.226435
14 16 3.227589
14 17 3.231938
14 18 3.235671
14 19 3.240394
 
15 1 3.367462
15 2 3.371972
15 3 3.252798
15 4 3.198323
15 5 3.153349
15 6 3.134737
15 7 3.124542
15 8 3.126409
15 9 3.147969
15 10 3.169706
15 11 3.183282
15 12 3.194947
15 13 3.206626
15 14 3.217489
15 15 3.222195
15 16 3.222886
15 17 3.226647
15 18 3.230753
15 19 3.235871
 
16 1 3.375337
16 2 3.377483
16 3 3.252044
16 4 3.195774
16 5 3.149812
16 6 3.131053
16 7 3.120850
16 8 3.122707
16 9 3.144928
16 10 3.166492
16 11 3.181702
16 12 3.194139
16 13 3.205601
16 14 3.216610
16 15 3.220799
16 16 3.222249
16 17 3.226513
16 18 3.229095
16 19 3.234850
 
17 1 3.376936
17 2 3.381252
17 3 3.250024
17 4 3.191770
17 5 3.145453
17 6 3.127178
17 7 3.116827
17 8 3.119155
17 9 3.141697
17 10 3.163876
17 11 3.179162
17 12 3.191341
17 13 3.203914
17 14 3.215058
17 15 3.219728
17 16 3.220909
17 17 3.225681
17 18 3.227549
17 19 3.232641
 
18 1 3.389016
18 2 3.383451
18 3 3.248225
18 4 3.189104
18 5 3.141720
18 6 3.123007
18 7 3.113609
18 8 3.116794
18 9 3.138942
18 10 3.161544
18 11 3.177640
18 12 3.190631
18 13 3.203171
18 14 3.215096
18 15 3.219215
18 16 3.219700
18 17 3.223919
18 18 3.225966
18 19 3.230966
 
19 1 3.399238
19 2 3.386770
19 3 3.246666
19 4 3.186131
19 5 3.138860
19 6 3.120558
19 7 3.111113
19 8 3.114466
19 9 3.137290
19 10 3.161582
19 11 3.176980
19 12 3.189733
19 13 3.203352
19 14 3.214953
19 15 3.218866
19 16 3.219066
19 17 3.222979
19 18 3.226606
19 19 3.228957
 
20 1 3.410552
20 2 3.386691
20 3 3.246052
20 4 3.185711
20 5 3.139481
20 6 3.120958
20 7 3.112313
20 8 3.116225
20 9 3.139613
20 10 3.162908
20 11 3.180642
20 12 3.192932
20 13 3.206655
20 14 3.217863
20 15 3.221301
20 16 3.221406
20 17 3.224352
20 18 3.227226
20 19 3.229171
 
21 1 3.419864
21 2 3.382957
21 3 3.241587
21 4 3.181990
21 5 3.135473
21 6 3.117963
21 7 3.110097
21 8 3.113737
21 9 3.137241
21 10 3.162607
21 11 3.179382
21 12 3.192885
21 13 3.205243
21 14 3.216780
21 15 3.220665
21 16 3.219320
21 17 3.221720
21 18 3.223490
21 19 3.226798
 
22 1 3.433116
22 2 3.385838
22 3 3.240587
22 4 3.180922
22 5 3.134175
22 6 3.115619
22 7 3.108267
22 8 3.113008
22 9 3.137077
22 10 3.161925
22 11 3.179567
22 12 3.192964
22 13 3.205663
22 14 3.216262
22 15 3.218384
22 16 3.217955
22 17 3.220387
22 18 3.222392
22 19 3.224998
 
23 1 3.437660
23 2 3.382727
23 3 3.238907
23 4 3.180615
23 5 3.134477
23 6 3.118000
23 7 3.110540
23 8 3.115993
23 9 3.140793
23 10 3.165929
23 11 3.183594
23 12 3.196417
23 13 3.207283
23 14 3.217938
23 15 3.220459
23 16 3.219168
23 17 3.220490
23 18 3.222730
23 19 3.224532
 
24 1 3.444432
24 2 3.383589
24 3 3.238639
24 4 3.179660
24 5 3.132476
24 6 3.116051
24 7 3.109548
24 8 3.114885
24 9 3.140150
24 10 3.165549
24 11 3.183781
24 12 3.194959
24 13 3.207781
24 14 3.216470
24 15 3.218731
24 16 3.216526
24 17 3.219128
24 18 3.219911
24 19 3.222013
 
25 1 3.448804
25 2 3.380363
25 3 3.238443
25 4 3.180404
25 5 3.134026
25 6 3.118449
25 7 3.111618
25 8 3.118624
25 9 3.144116
25 10 3.171961
25 11 3.187874
25 12 3.198825
25 13 3.209614
25 14 3.218183
25 15 3.219665
25 16 3.218249
25 17 3.218362
25 18 3.220358
25 19 3.221953
 
26 1 3.457707
26 2 3.383750
26 3 3.238074
26 4 3.179410
26 5 3.132999
26 6 3.117305
26 7 3.112146
26 8 3.118456
26 9 3.144848
26 10 3.170098
26 11 3.186804
26 12 3.198500
26 13 3.209353
26 14 3.216497
26 15 3.217551
26 16 3.215439
26 17 3.215789
26 18 3.217203
26 19 3.219633
 
27 1 3.454487
27 2 3.382274
27 3 3.239594
27 4 3.180875
27 5 3.135065
27 6 3.120140
27 7 3.114635
27 8 3.121201
27 9 3.148575
27 10 3.173460
27 11 3.189302
27 12 3.199527
27 13 3.208048
27 14 3.217363
27 15 3.217551
27 16 3.215457
27 17 3.216103
27 18 3.217957
27 19 3.218818
 
28 1 3.461958
28 2 3.383790
28 3 3.240468
28 4 3.182911
28 5 3.137415
28 6 3.131590
28 7 3.120178
28 8 3.127237
28 9 3.153036
28 10 3.178788
28 11 3.193034
28 12 3.202785
28 13 3.211923
28 14 3.219760
28 15 3.219158
28 16 3.217301
28 17 3.216478
28 18 3.216627
28 19 3.217423
 
29 1 3.460842
29 2 3.384971
29 3 3.239284
29 4 3.182610
29 5 3.135897
29 6 3.122570
29 7 3.119961
29 8 3.127507
29 9 3.152932
29 10 3.177430
29 11 3.191341
29 12 3.200540
29 13 3.207779
29 14 3.216776
29 15 3.216490
29 16 3.213411
29 17 3.213340
29 18 3.214287
29 19 3.215032
 
30 1 3.460913
30 2 3.384872
30 3 3.242679
30 4 3.185556
30 5 3.139357
30 6 3.127098
30 7 3.125429
30 8 3.132660
30 9 3.156968
30 10 3.180428
30 11 3.192191
30 12 3.202077
30 13 3.208355
30 14 3.216747
30 15 3.216067
30 16 3.213432
30 17 3.213194
30 18 3.215090
30 19 3.215400
 
31 1 3.464745
31 2 3.388622
31 3 3.244504
31 4 3.188845
31 5 3.144237
31 6 3.132484
31 7 3.133352
31 8 3.138670
31 9 3.161793
31 10 3.186008
31 11 3.196998
31 12 3.203180
31 13 3.210513
31 14 3.217782
31 15 3.216543
31 16 3.213628
31 17 3.212879
31 18 3.214206
31 19 3.215917
 
32 1 3.466475
32 2 3.391277
32 3 3.244463
32 4 3.188550
32 5 3.144254
32 6 3.133073
32 7 3.132561
32 8 3.136645
32 9 3.161442
32 10 3.182935
32 11 3.194089
32 12 3.201438
32 13 3.208101
32 14 3.214600
32 15 3.214441
32 16 3.210179
32 17 3.211603
32 18 3.210704
32 19 3.212594
 
33 1 3.462892
33 2 3.390228
33 3 3.247976
33 4 3.191840
33 5 3.150135
33 6 3.138044
33 7 3.135968
33 8 3.140410
33 9 3.162053
33 10 3.183587
33 11 3.193120
33 12 3.200013
33 13 3.207398
33 14 3.213506
33 15 3.213179
33 16 3.210604
33 17 3.209879
33 18 3.210395
33 19 3.212114
 
34 1 3.462864
34 2 3.390662
34 3 3.249562
34 4 3.196435
34 5 3.156806
34 6 3.144622
34 7 3.142525
34 8 3.144975
34 9 3.166531
34 10 3.186783
34 11 3.194672
34 12 3.201274
34 13 3.207054
34 14 3.213415
34 15 3.213196
34 16 3.210414
34 17 3.209509
34 18 3.210283
34 19 3.209744
 
35 1 3.470988
35 2 3.400957
35 3 3.258211
35 4 3.202705
35 5 3.162406
35 6 3.152904
35 7 3.149796
35 8 3.149527
35 9 3.172651
35 10 3.189381
35 11 3.197238
35 12 3.203354
35 13 3.209525
35 14 3.215519
35 15 3.212409
35 16 3.210983
35 17 3.209929
35 18 3.210888
35 19 3.211643
 
36 1 3.472773
36 2 3.398179
36 3 3.256029
36 4 3.205574
36 5 3.163519
36 6 3.153379
36 7 3.148063
36 8 3.147661
36 9 3.168784
36 10 3.186832
36 11 3.193803
36 12 3.200111
36 13 3.206064
36 14 3.211809
36 15 3.210208
36 16 3.207541
36 17 3.206144
36 18 3.208161
36 19 3.208777
 
37 1 3.471920
37 2 3.402199
37 3 3.261163
37 4 3.210592
37 5 3.170039
37 6 3.156517
37 7 3.149756
37 8 3.149169
37 9 3.168325
37 10 3.185510
37 11 3.193834
37 12 3.199152
37 13 3.205541
37 14 3.212500
37 15 3.209655
37 16 3.207415
37 17 3.205727
37 18 3.206299
37 19 3.209166
 
38 1 3.473714
38 2 3.407563
38 3 3.267641
38 4 3.217522
38 5 3.178210
38 6 3.163454
38 7 3.154882
38 8 3.151688
38 9 3.170369
38 10 3.184629
38 11 3.193384
38 12 3.199081
38 13 3.203622
38 14 3.212184
38 15 3.209389
38 16 3.205367
38 17 3.206105
38 18 3.206099
38 19 3.206674
 
39 1 3.476537
39 2 3.410122
39 3 3.272675
39 4 3.225206
39 5 3.185890
39 6 3.171582
39 7 3.159855
39 8 3.155357
39 9 3.171353
39 10 3.187246
39 11 3.193187
39 12 3.198481
39 13 3.204203
39 14 3.211384
39 15 3.208847
39 16 3.205407
39 17 3.204808
39 18 3.205948
39 19 3.206881
 
