 2  976.562500 
 4  1562.500000 
 8  5208.333496 
 16  7812.500000 
 32  8928.571289 
 64  9615.384766 
 128  10416.666992 
 256  11363.636719 
 512  11764.706055 
 1024  12658.227539 
 2048  13071.895508 
 4096  13245.033203 
 8192  11011.700195 
 16384  11161.493164 
 32768  11179.039062 
 65536  10108.189453 
 131072  9781.819336 
 262144  9402.604492 
 524288  9094.219727 
 1048576  7327.973145 
 2097152  5539.993652 
 4194304  5054.094727 
 8388608  4974.565430 
 16777216  4437.918945 
 33554432  3646.091553 

