 2  260.416656 
 4  976.562500 
 8  3906.250000 
 16  5208.333496 
 32  7812.500000 
 64  8333.333008 
 128  8928.571289 
 256  8620.689453 
 512  8474.576172 
 1024  8368.201172 
 2048  8281.573242 
 4096  8196.721680 
 8192  8163.265137 
 16384  8157.022461 
 32768  8130.081543 
 65536  7976.071777 
 131072  7690.920898 
 262144  7741.623535 
 524288  7542.555664 
 1048576  6572.043945 
 2097152  5125.984375 
 4194304  4661.938477 
 8388608  4614.710938 
 16777216  4172.479492 
 33554432  3528.112305 

