 2  1302.083374 
 4  1953.125000 
 8  2604.166748 
 16  3472.222168 
 32  6250.000000 
 64  8928.571289 
 128  11363.636719 
 256  13888.888672 
 512  14084.506836 
 1024  15151.515625 
 2048  15151.515625 
 4096  15037.593750 
 8192  12148.823242 
 16384  12176.560547 
 32768  12199.771484 
 65536  10616.239258 
 131072  9661.470703 
 262144  10386.238281 
 524288  9577.612305 
 1048576  7839.024414 
 2097152  5680.620605 
 4194304  5173.565918 
 8388608  5123.666504 
 16777216  4501.980957 
 33554432  3707.558105 

