 2  1953.125000 
 4  2604.166748 
 8  3125.000000 
 16  3472.222168 
 32  3125.000000 
 64  2659.574463 
 128  2336.448486 
 256  2173.913086 
 512  2096.436035 
 1024  2063.983398 
 2048  2047.082886 
 4096  2036.659912 
 8192  2027.369507 
 16384  2031.230225 
 32768  1931.434082 
 65536  1974.638184 
 131072  2003.145508 
 262144  2015.129272 
 524288  2015.696411 
 1048576  2010.036499 
 2097152  2017.449707 
 4194304  2001.169678 
 8388608  1959.301636 
 16777216  1860.720337 
 33554432  1747.062378 

