 2  205.592102 
 4  781.250000 
 8  822.368408 
 16  1302.083374 
 32  1453.488403 
 64  1712.328735 
 128  2136.752197 
 256  2439.024414 
 512  2604.166748 
 1024  1745.200684 
 2048  2534.854248 
 4096  2518.098877 
 8192  2198.406250 
 16384  2209.639648 
 32768  2224.771484 
 65536  2220.487549 
 131072  2217.294922 
 262144  1548.732178 
 524288  1076.040527 
 1048576  1086.809448 
 2097152  1093.221436 
 4194304  1096.347168 
 8388608  1097.909668 
 16777216  1033.240234 
 33554432  1109.520630 


